0.7  1.4
0.5000239123144992  1.2000048084110715
0.4338876774060676  1.1182012943237067
0.39955682493904304  1.0606004767102197
0.38322369123073646  1.0143560129306801
0.3795557294945116  0.974461884685541
0.3857945118650853  0.9383585544189127
0.4002247446119522  0.9045561198878354
0.4216066213314437  0.8721363742628432
0.4489231580313323  0.8405326187877273
0.48126031042909406  0.8094157822180086
0.5177546444128703  0.7786256574795993
0.5575790018559845  0.7481225598262532
0.599948849787809  0.717949273135429
0.6441373265010397  0.6881996493063136
0.6894907027123234  0.6589930416446639
0.7354393843686177  0.6304546212213931
0.7815025592767593  0.6027015066323029
0.8272867374372385  0.5758341785129178
0.8724796098288985  0.5499322448824611
0.9168410058625467  0.5250534362762217
0.9601925639503563  0.5012347415167075
1.0024073300233407  0.4784947694564625
1.043400064503872  0.45683665266583984
1.0831186724026067  0.4362510329084866
1.1215369071199377  0.4167188525508624
1.158648330613392  0.39821381132389433
1.194461419713672  0.38070443808434545
1.2289956672343647  0.3641557819249176
1.2622785175700872  0.34853075639248415
1.2943429854622743  0.3337911834112665
1.325225824107379  0.31989858631805446
1.354966129059147  0.3068147787088789
1.3836042842511203  0.2945022904678353
1.4111811743792175  0.282924666140062
1.437737603247095  0.272046664690616
1.4633138704340543  0.26183438414026905
1.4879494690077542  0.25225532977853204
1.5116828752916545  0.24327844065149415
1.5345514082517508  0.2348740857523702
1.5565911412090727  0.2270140387152091
1.5778368525939026  0.21967143772682973
1.5983220055701675  0.21282073573283297
1.6180787487663926  0.20643764473516601
1.6371379322075499  0.20049907698849212
1.6555291339725673  0.1949830851403224
1.6732806942014595  0.189868802776565
1.6904197539191481  0.18513638639061672
1.70697229678848  0.1807669594592239
1.7229631923980102  0.17674255905753758
1.7384162400657985  0.17304608525983706
1.7533542124258337  0.1696612534362783
1.7677988982796204  0.16657254945803388
1.781771144358048  0.16376518775424945
1.7952908957603344  0.16122507211730003
1.8083772349271936  0.15893875912243935
1.8210484190717864  0.15689342400989037
1.8333219160402128  0.15507682886847834
1.8452144386076499  0.15347729295757237
1.856741977240149  0.152083665006465
1.8679198313681618  0.15088529733593165
1.8787626392280874  0.14987202165446675
1.8892844063340393  0.14903412639076494
1.8994985326448068  0.1483623354337858
1.909417838491526  0.1478477881617561
1.9190545893305375  0.1474820206513983
1.9284205193838373  0.14725694796829958
1.9375268542267543  0.14716484744849614
1.9463843323793533  0.14719834288994574
1.9550032259547143  0.14735038958054267
1.963393360413863  0.14761426009666798
1.971564133473807  0.1479835308129655
1.9795245332119458  0.14845206907010527
1.9872831554070993  0.1490140209527691
1.9948482201545878  0.14966379963500245
2.002227587790179  0.15039607425446197
2.0094287741553245  0.1512057592809919
2.0164589652339084  0.15208800434842473
2.023325031188739  0.1530381845215668
2.030033539824197  0.15405189097303496
2.0365907694998104  0.1551249220469961
2.0430027215180426  0.15625327468896189
2.0492751320082214  0.15743313622263735
2.055413483327331  0.15866087645644822
2.061423014997267  0.15993304010379994
2.067308734197148  0.16124633950238007
2.0730754258283715  0.16259764761892365
2.0787276621692388  0.16398399132684033
2.084269812135219  0.16540254494496734
2.089706050160204  0.16685062402648076
2.0950403647134435  0.16832567938768098
2.1002765664662446  0.1698252913669787
2.1054182961219454  0.17134716430495583
2.110469031922132  0.17288912123686884
2.1154320968415736  0.17444909878940815
2.1203106654838666  0.17602514227393445
2.1251077706893327  0.17761540096878267
2.1298263098662824  0.17921812358356595
2.1344690510563518  0.18083165389872655
2.1390386387442257  0.18245442657387206
2.1435375994216868  0.18408496311870723
2.1479683469155693  0.18572186802062518
2.1523331874888565  0.18736382502326093
2.1566343247238184  0.18900959355053423
2.1608738641957714  0.19065800527092064
2.165053817945735  0.1923079607968913
2.1691761087599506  0.193958426514652
2.1732425742639543  0.1956084315394939
2.1772549708386006  0.19725706479224117
2.1812149773651766  0.19890347219244592
2.185124198806479  0.2005468539641379
2.188984169630477  0.20218646205008822
2.1927963570829383  0.2038215976306898
2.1965621643151634  0.2054516087436962
2.200282933372738  0.2070758880011922
2.203959948051006  0.20869387040029763
2.2075944366227405  0.21030503122422678
2.211187574443291  0.21190888403044345
2.2147404864382834  0.21350497872276353
2.218254249478763  0.21509289970436507
2.2217298946484783  0.2166722641087692
2.2251684094078295  0.21824272010595477
2.228570739658833  0.2198039452808654
2.2319377917152803  0.22135564508165917
2.2352704341821217  0.22289755133514033
2.2385694997479324  0.22442942082689651
2.2418357868941885  0.22595103394374788
2.2450700615249164  0.22746219337619286
2.2482730585201587  0.22896272287861139
2.2514454832165476  0.23045246608505998
2.2545880128181635  0.23193128537856358
2.2577012977407174  0.23339906081187714
2.2607859628919846  0.23485568907775642
2.2638426088912995  0.2363010825268405
2.2668718132308054  0.23773516823131066
2.2698741313810498  0.23915788709254948
2.2728500978434063  0.240569192991082
2.275800227151714  0.24196905197713636
2.278725014825416  0.24335744150021588
2.2816249382763933  0.24473434967612676
2.284500457671602  0.2460997745899566
2.2873520167535277  0.2474537236335487
2.2901800436203974  0.24879621287606452
2.2929849514679987  0.2501272664662743
2.2957671392948886  0.2514469160652603
2.298526992572693  0.2527552003082615
2.3012648838831318  0.2540521642944322
2.3039811735233253  0.2553378591033278
2.30667621008089  0.2566123413369716
2.3093503309802443  0.2578756726863974
2.312003863001504  0.25912791952159925
2.3146371227732754  0.26036915250385834
2.317250417240603  0.2615994462194536
2.3198440441092694  0.2628188788337969
2.3224182922675984  0.2640275317650699
2.324973442186858  0.26522548937647145
2.327509766301307  0.26641283868621934
2.330027529368893  0.26758966909447907
2.332526988813555  0.26875607212642655
2.3350083950500453  0.26991214119067924
2.3374719917921394  0.2710579713523607
2.3399180163450723  0.2721936591200915
2.3423466998829907  0.27331930224622786
2.344758267712176  0.2744349995396944
2.3471529395207678  0.27554085069078654
2.3495309296156695  0.27663695610733957
2.351892447147294  0.27772341676168916
2.354237696322777  0.27880033404787047
2.3565668766082464  0.2798678096485256
2.358880182920723  0.2809259454110128
2.3611778058101867  0.28197484323223115
2.3634599316323204  0.2830146049516967
2.3657267427124262  0.2840453322524247
2.3679784175009697  0.2850671265691934
2.3702151307212023  0.28608008900378407
2.3724370535092745  0.2870843202468079
2.374644353547244  0.2880799205057515
2.3768371951893537  0.2890669894388862
2.3790157395819413  0.29004562609470586
2.381180144777322  0.29101592885657135
2.3833305658419675  0.2919779953922564
2.3854671549592874  0.29293192260810347
2.3875900615273107  0.29387780660751345
2.3896994322515357  0.2948157426535046
2.391795411233216  0.29574582513509146
2.3938781400533307  0.2966681475372454
2.39594775785247  0.29758280241421076
2.3980044014068684  0.29848988136596244
2.4000482052007817  0.299389475017602
2.4020793014954247  0.3002816730014987
2.4040978203946475  0.30116656394199365
2.40610388990753  0.3020442354424936
2.408097636008072  0.30291477407479145
2.4100791826921277  0.30377826537045777
2.4120486520317446  0.3046347938141579
2.414006164227047  0.305484442838756
2.415951837655799  0.3063272948220755
2.4178857889207728  0.30716343108519334
2.4198081328950485  0.30799293189215143
2.421718982765352  0.3088158764509761
2.4236184500735454  0.30963234291590236
2.425506644756365  0.31044240839070675
2.4273836751835103  0.3112461489330564
2.4292496481941637  0.31204363955978975
2.431104669132038  0.3128349542530476
2.4329488418790226  0.3136201659671795
2.434782268887508  0.3143993466363546
2.4366050512114628  0.3151725671828099
2.4384172885363227  0.3159398975256749
2.4402190792077634  0.3167014065903136
2.442010520259412  0.31745716231812937
2.4437917074395528  0.3182072316767832
2.4455627352368863  0.3189516806707761
2.447323696905382  0.31969057435235293
2.4490746844882816  0.32042397683268586
2.4508157888412896  0.3211519512932992
2.452547099654997  0.32187455999770037
2.4542687054765775  0.3225918643031832
2.4559806937307864  0.323303924672774
2.45768315074031  0.32401080068729093
2.459376161745483  0.3247125510574912
2.4610598109234174  0.3254092336362813
2.4627341814065637  0.3261009054309685
2.4643993553007353  0.32678762261553196
2.4660554137026205  0.32746944054289606
2.4677024367168077  0.32814641375718684
2.469340503472345  0.3288185960059569
2.4709696921388553  0.3294860402523638
2.4725900799422282  0.330148798687288
2.4742017431799086  0.3308069227413799
2.475804757235796  0.33146046309702293
2.4773991965947757  0.3321094697002045
2.4789851348568956  0.332753991772285
2.4805626447512017  0.3333940778216569
2.4821317981492514  0.3340297756552871
2.4836926660783134  0.3346611323901356
2.4852453187342665  0.33528819446444574
2.4867898254942133  0.3359110076488997
2.4883262549288157  0.3365296170576363
2.489854674814364  0.33714406715912637
2.491375152144592  0.3377544017869032
2.4928877531422406  0.33836066415014454
2.4943925432703873  0.33896289684410497
2.4958895872435445  0.33956114186039565
2.4973789490385365  0.3401554405971113
2.49886069190516  0.3407458338688022
2.500334878376639  0.34133236191629146
2.5018015702798793  0.34191506441633646
2.5032608287455265  0.3424939804911347
2.504712714217838  0.34306914871767424
2.50615728646437  0.3436406071369288
2.50759460458549  0.34420839326289865
2.509024727023715  0.3447725440914974
2.510447711572881  0.34533309610928603
2.5118636153871554  0.34589008530205567
2.5132724949898844  0.3464435471632593
2.5146744062822926  0.34699351670229495
2.5160694045520278  0.34754002845264126
2.5174575444815637  0.34808311647984697
2.518838880156457  0.3486228143893765
2.5202134650734678  0.34915915533431274
2.5215813521485426  0.34969217202291986
2.5229425937246677  0.3502218967260667
2.5242972415795903  0.35074836128451387
2.5256453469334166  0.35127159711606626
2.5269869604560826  0.3517916352225926
2.5283221322747083  0.35230850619691434
2.5296509119808306  0.3528222402295664
2.530973348637523  0.353332867115431
2.5322894907864013  0.3538404162602476
2.5335993864545174  0.3543449166870004
2.5349030831611477  0.35484639704218585
2.5362006279244715  0.35534488560196203
2.537492067268149  0.35584041027818253
2.538777447227795  0.35633299862431633
2.5400568133573502  0.3568226778412561
2.541330210735362  0.35730947478301706
2.5425976839711595  0.35779341596232817
2.5438592772109416  0.35827452755611805
2.545115034143768  0.3587528354108974
2.54636499800746  0.35922836504803995
2.5476092115944136  0.3597011416689641
2.548847717257324  0.36017119016021704
2.5500805569148226  0.3606385350984632
2.5513077720570307  0.3611032007553793
2.5525294037510298  0.36156521110245743
2.5537454926462506  0.3620245898157181
2.554956078979781  0.36248136028033556
2.5561612025815963  0.3629355455951764
2.5573609028797097  0.3633871685772537
2.558555218905249  0.3638362517660986
2.5597441892974584  0.3642828174280499
2.5609278523086236  0.36472688756046556
2.5621062458089283  0.36516848389585477
2.5632794072912377  0.3656076279059349
2.564447373875812  0.3660443408056132
2.5656101823149506  0.3664786435568958
2.56676786899757  0.3669105568727244
2.567920469953714  0.3673401012207434
2.569068020859  0.3677672968269982
2.5702105570389975  0.3681921636795661
2.571348113473547  0.3686147215321211
2.5724807248010144  0.3690349899074349
2.5736084253224853  0.3694529881008137
2.574731249005897  0.3698687351834739
2.575849229490114  0.370282250005857
2.5769624000889415  0.37069355120088493
2.578070793795086  0.3711026571871571
2.579174443284055  0.37150958617209134
2.5802733809180034  0.37191435615500795
2.5813676387495246  0.3723169849301599
2.5824572485253876  0.3727174900897094
2.5835422416902216  0.37311588902665166
2.584622649390147  0.3735121989376879
2.5856985024763577  0.3739064368260475
2.586769831508649  0.37429861950426146
2.5878366667589  0.37468876359688696
2.588899038214503  0.37507688554318513
2.589956975581749  0.3754630015997524
2.591010508289161  0.3758471278431061
2.5920596654907837  0.3762292801722263
2.5931044760694277  0.3766094743110532
2.5941449686398665  0.37698772581094253
2.595181171551989  0.3773640500530787
2.596213112893909  0.3777384622508472
2.597240820495033  0.3781109774521663
2.5982643219290824  0.37848161054178026
2.5992836445170755  0.37885037624351287
2.600298815330269  0.3792172891224839
2.6013098611930574  0.3795823635872882
2.602316808685834  0.37994561389213827
2.6033196841478103  0.3803070541389715
2.6043185136798  0.38066669827952204
2.6053133231469627  0.3810245601173588
2.6063041381815095  0.38138065330988963
2.607290984185374  0.38173499137033245
2.6082738863328454  0.38208758766965434
2.6092528695731656  0.3824384554384785
2.6102279586330916  0.38278760776896065
2.6111991780194237  0.3831350576166346
2.6121665520214976  0.38348081780222787
2.6131301047136453  0.38382490101344835
2.614089859957622  0.3841673198067416
2.6150458414049984  0.38450808660902064
2.615998072499524  0.38484721371936725
2.616946576479457  0.3851847133107068
2.6178913763798626  0.385520597431456
2.618832495034882  0.3858548780071447
2.61976995507997  0.38618756684201183
2.6207037789541037  0.3865186756205764
2.621633988901961  0.38684821590918345
2.6225606069760707  0.387176199157526
2.623483655038935  0.38750263670014323
2.6244031547651208  0.387827539757895
2.6253191276433285  0.38815091943941366
2.6262315949784294  0.38847278674253316
2.6271405778934773  0.3887931525556964
2.628046097331695  0.38911202765934033
2.6289481740584333  0.3894294227272602
2.6298468286631054  0.38974534832795277
2.630742081561096  0.39005981492593866
2.6316339529956445  0.3903728328830651
2.632522463039706  0.39068441245978847
2.633407631597785  0.3909945638164371
2.634289478407748  0.3913032970144559
2.635168023042612  0.39161062201763114
2.636043284912309  0.3919165486932976
2.63691528326543  0.3922210868135272
2.6377840371909422  0.3925242460562999
2.638649565619891  0.39282603600665716
2.6395118873270733  0.39312646615783836
2.640371020932694  0.3934255459124002
2.6412269849039993  0.3937232845833194
2.6420797975568906  0.3940196913950795
2.6429294770575162  0.3943147754847412
2.6437760414238443  0.3946085459029976
2.644619508527215  0.3949010116152132
2.645459896093874  0.3951921815024482
2.6462972217064866  0.3954820643624682
2.647131502805631  0.39577066891073825
2.647962756691275  0.3960580037814035
2.648791000524234  0.39634407752825507
2.6496162513276094  0.39662889862568224
2.6504385259882093  0.39691247546961084
2.6512578412579533  0.39719481637842824
2.652074213755258  0.39747592959389516
2.652887659966406  0.39775582328204434
2.6536981962468977  0.39803450553406644
2.6545058388227867  0.39831198436718346
2.6553106037919982  0.39858826772550976
2.6561125071256324  0.3988633634809009
2.6569115646692505  0.39913727943379046
2.6577077921441457  0.39941002331401526
2.658501205148598  0.39968160278162884
2.6592918191591144  0.39995202542770364
2.6600796495316543  0.400221298775122
2.660864711502838  0.40048943027935635
2.6616470201911433  0.40075642732923794
2.662426590598085  0.40102229724771576
2.663203437609383  0.4012870472926045
2.663977575996113  0.40155068465732213
2.6647490204158455  0.4018132164716177
2.6655177854137713  0.4020746498022889
2.666283885423812  0.4023349916538898
2.667047334769718  0.4025942489694292
2.6678081476661535  0.4028524286310591
2.668566338219769  0.4031095374607541
2.6693219204302596  0.40336558222098173
2.670074908191412  0.4036205696153632
2.6708253152921384  0.4038745062893256
2.671573155417499  0.40412739883074555
2.672318442149711  0.40437925377058376
2.673061188969147  0.4046300775835114
2.6738014092553217  0.40487987668852793
2.674539116287865  0.4051286574495709
2.675274323247486  0.40537642617611735
2.676007043216926  0.40562318912377776
2.6767372891818972  0.4058689524948815
2.6774650740320145  0.406113722439055
2.678190410561713  0.4063575050537923
2.678913311471157  0.4066003063850178
2.6796337893671374  0.40684213242764206
2.6803518567639597  0.4070829891261098
2.681067526084321  0.4073228823749414
2.6817808096601765  0.40756181801926694
2.6824917197335973  0.4077998018553533
2.6832002684576173  0.4080368396311246
2.6839064678970708  0.40827293704667583
2.68461033002942  0.40850809975478003
2.685311866745575  0.40874233336138854
2.6860110898507004  0.40897564342612536
2.6867080110650186  0.40920803546277473
2.687402642024598  0.4094395149397629
2.688094994282136  0.40967008728063314
2.6887850793077326  0.4098997578645156
2.6894729084896536  0.4101285320265904
2.6901584931350873  0.4103564150585452
2.6908418444708917  0.4105834122090271
2.6915229736443327  0.41080952868408865
2.6922018917238164  0.4110347696476283
2.6928786096996093  0.41125914022182536
2.6935531384845546  0.41148264548756947
2.6942254889147774  0.41170529048488486
2.6948956717503845  0.4119270802133491
2.695563697676154  0.41214801963250686
2.69622957730222  0.41236811366227816
2.6968933211647466  0.4125873671833622
2.697554939726597  0.41280578503763554
2.698214443377995  0.4130233720285459
2.6988718424371765  0.4132401329215007
2.699527147151039  0.4134560724442512
2.7001803676957783  0.41367119528727153
2.7008315141775223  0.41388550610413355
2.7014805966329556  0.4140990095118768
2.7021276250299384  0.41431171009137396
2.7027726092681195  0.41452361238769225
2.70341555917954  0.41473472091044994
2.704056484529234  0.4149450401341688
2.7046953950158183  0.4151545744986224
2.7053323002720804  0.4153633284091801
2.7059672098655576  0.4155713062371468
2.70660013329911  0.41577851232009877
2.707231080011488  0.41598495096221555
2.7078600593778934  0.4161906264346077
2.7084870807105346  0.4163955429756405
2.709112153259176  0.4165997047912545
2.7097352862116812  0.4168031160552813
2.7103564886945506  0.4170057809097563
2.7109757697734533  0.4172077034652277
2.7115931384537535  0.4174088878010612
2.7122086036810313  0.41760933796574234
2.712822174341598  0.4178090579771739
2.713433859263006  0.4180080518229708
2.714043667214552  0.41820632346075126
2.714651606907778  0.41840387681842445
2.7152576869969653  0.41860071579447494
2.7158619160796214  0.41879684425824376
2.7164643026969646  0.41899226605020623
2.717064855334404  0.4191869849822466
2.717663582422011  0.41938100483792956
2.7182604923349896  0.4195743293727685
2.7188555933941396  0.41976696231449073
2.719448893866316  0.4199589073632997
2.720040401964883  0.42015016819213435
2.7206301258501653  0.420340748446925
2.72121807362989  0.42053065174684695
2.7218042533596307  0.4207198816845709
2.7223886730432407  0.42090844182651044
2.7229713406332867  0.4210963357130668
2.723552264031474  0.42128356685887103
2.7241314510890713  0.421470138753023
2.724708909607327  0.4216560548593284
2.725284647337885  0.4218413186165321
2.7258586719831945  0.4220259334385501
2.7264309911969162  0.4222099027146977
2.727001612584323  0.42239322980991595
2.727570543702698  0.42257591806499517
2.7281377920617302  0.42275797079679606
2.7287033651239017  0.4229393912984685
2.729267270304874  0.4231201828396678
2.7298295149738725  0.42330034866676824
2.7303901064540614  0.4234798920030752
2.730949052022921  0.4236588160490336
2.7315063589126156  0.42383712398243545
2.7320620343103634  0.424014818958624
2.732616085358798  0.4241919041106961
2.733168519156328  0.42436838254970277
2.733719342757496  0.4245442573648465
2.7342685631733272  0.42471953162367765
2.734816187371682  0.42489420837228775
2.7353622222776  0.4250682906355012
2.735906674773644  0.42524178141706476
2.736449551700237  0.42541468369983493
2.736990859856  0.4255870004459635
2.7375306059980833  0.4257587345970807
2.7380687968424957  0.42592988907447704
2.738605439064431  0.4261004667792825
2.7391405392985915  0.42627047059264417
2.739674104139506  0.42643990337590204
2.7402061401418476  0.4266087679707627
2.740736653820748  0.42677706719947134
2.7412656516521063  0.4269448038649818
2.741793140072898  0.427111980751125
2.742319125481479  0.42727860062277545
2.7428436142378874  0.427444666226016
2.743366612664142  0.42761018028830083
2.7438881270445394  0.42777514551861684
2.7444081636259456  0.42793956460764326
2.7449267286180876  0.42810344022790964
2.74544382819384  0.42826677503395205
2.745959468489511  0.4284295716624678
2.746473655605122  0.4285918327324686
2.746986395604692  0.4287535608454317
2.7474976945165084  0.4289147585854501
2.7480075583334065  0.4290754285193807
2.748515993013037  0.4292355731969911
2.749023004478138  0.4293951951511051
2.7495285986168003  0.42955429689774594
2.750032781282732  0.42971288093627913
2.7505355582955184  0.429870949749553
2.751036935440884  0.4300285058040381
2.751536918470947  0.43018555154996535
2.752035513104475  0.4303420894214623
2.752532725027136  0.4304981218366884
2.753028559891749  0.4306536511979688
2.7535230233185297  0.4308086798919267
2.7540161208953378  0.4309632102896146
2.754507858177918  0.43111724474664365
2.7549982406901417  0.4312707856033125
2.7554872739242446  0.4314238351847341
2.7559749633410635  0.4315763958009618
2.75646131437027  0.4317284697471137
2.756946332410602  0.43188005930349616
2.757430022830093  0.4320311667357257
2.7579123909663026  0.4321817942948502
2.7583934421265384  0.4323319442174682
2.758873181588081  0.43248161872584745
2.7593516145984065  0.4326308200280424
2.7598287463754043  0.4327795503180101
2.760304582107596  0.43292781177572526
2.76077912695435  0.4330756065672941
2.761252386046096  0.43322293684506696
2.7617243644845346  0.43336980474775
2.7621950673428506  0.4335162124005157
2.762664499665917  0.4336621619151121
2.7631326664705047  0.43380765538997135
2.7635995727454836  0.4339526949103168
2.764065223452026  0.4340972825482694
2.764529623523809  0.43424142036295266
2.7649927778672105  0.43438511040059696
2.7654546913615077  0.43452835469464274
2.7659153688590714  0.4346711552658425
2.7663748151855616  0.434813514122362
2.7668330351401167  0.4349554332598805
2.7672900334955455  0.4350969146616898
2.767745814998515  0.4352379602987927
2.768200384369737  0.4353785721300001
2.7686537463041536  0.4355187521020275
2.769105905471121  0.43565850214959045
2.76955686651459  0.4357978241954989
2.7700066340532885  0.4359367201507509
2.7704552126808983  0.43607519191462546
2.770902606966234  0.43621324137477424
2.7713488214534174  0.4363508704073125
2.7717938606620516  0.4364880808769093
2.772237729087395  0.43662487463687677
2.7726804312005306  0.43676125352925826
2.773121971448538  0.43689721938491616
2.773562354254658  0.4370327740236186
2.7740015840184644  0.43716791925412535
2.7744396651160237  0.43730265687427283
2.7748766019000635  0.4374369886710585
2.7753123987001325  0.43757091642072443
2.7757470598227623  0.43770444188883995
2.776180589551627  0.43783756683038366
2.7766129921477023  0.4379702929898246
2.7770442718494213  0.43810262210120277
2.777474432872831  0.4382345558882087
2.7779034794117465  0.4383660960642625
2.7783314156379038  0.43849724433259213
2.7787582457011113  0.4386280023863107
2.7791839737294013  0.4387583719084935
2.7796086038291783  0.43888835457225384
2.7800321400853667  0.43901795204081867
2.7804545865615586  0.439147165967603
2.7808759473001583  0.43927599799628414
2.7812962263225267  0.43940444976087484
2.7817154276291243  0.439532522885796
2.7821335551996538  0.4396602189859486
2.7825506129931994  0.43978753966678524
2.7829666049483675  0.43991448652438053
2.783381534983424  0.44004106114550123
2.7837954069964326  0.44016726510767573
2.7842082248653894  0.44029309997926275
2.7846199924483592  0.44041856731951945
2.7850307135836085  0.440543668678669
2.7854403920897384  0.4406684055979676
2.7858490317658156  0.4407927796097706
2.7862566363915042  0.44091679223759833
2.7866632097271937  0.4410404449962013
2.787068755514128  0.44116373939162473
2.7874732774745326  0.44128667692127227
2.7878767793117416  0.44140925907396983
2.788279264710322  0.44153148733002806
2.7886807373361973  0.4416533631613049
2.7890812008367725  0.4417748880312669
2.7894806588410557  0.44189606339505094
2.789879114959778  0.4420168906995244
2.7902765727855154  0.4421373713833454
2.790673035892807  0.4422575068770226
2.7910685078382738  0.44237729860297387
2.791462992160736  0.442496747975585
2.7918564923813287  0.44261585640126777
2.7922490120036185  0.4427346252785172
2.7926405545137167  0.4428530559979688
2.7930311233803944  0.44297114994245496
2.7934207220551937  0.4430889084870609
2.7938093539725406  0.4432063329991802
2.7941970225498554  0.44332342483857
2.7945837311876622  0.4434401853574053
2.794969483269699  0.4435566159003332
2.7953542821630255  0.4436727178045262
2.7957381312181306  0.44378849239973595
2.796121033769039  0.4439039410083453
2.796502993133416  0.44401906494542087
2.7968840126126744  0.44413386551876477
2.797264095492076  0.44424834402896585
2.7976432450408373  0.44436250176945075
2.7980214645122294  0.44447634002653413
2.798398757143682  0.4445898600794689
2.7987751261568827  0.44470306320049563
2.7991505747578773  0.44481595065489193
2.7995251061371698  0.44492852370102104
2.799898723469819  0.44504078359038024
2.8002714299155382  0.4451527315676487
2.8006432286187914  0.445264368870735
2.801014122708889  0.4453756967308244
2.801384115300084  0.4454867163724254
2.801753209491665  0.44559742901341604
2.8021214083680537  0.44570783586509
2.8024887149988937  0.445817938132202
2.8028551324391464  0.44592773701301297
2.803220663729181  0.4460372336993349
2.8035853118948664  0.44614642937657517
2.803949079947661  0.4462553252237807
2.804311970884703  0.44636392241368145
2.8046739876888984  0.4464722221127338
2.80503513332901  0.4465802254811636
2.8053954107597465  0.4466879336730085
2.805754822921846  0.4467953478361605
2.8061133727421654  0.4469024691124075
2.8064710631337646  0.44700929863747507
2.8068278969959914  0.4471158375410675
2.8071838772145674  0.4472220869469087
2.8075390066616697  0.44732804797278275
2.8078932881960146  0.447433721730574
2.8082467246629412  0.44753910932630697
2.8085993188944918  0.4476442118601858
2.8089510737094936  0.44774903042663355
2.8093019919136393  0.44785356611433097
2.809652076299567  0.44795782000625506
2.81000132964694  0.4480617931797174
2.810349754722526  0.44816548670640194
2.8106973542802725  0.44826890165240285
2.8110441310613883  0.44837203907826156
2.8113900877944182  0.4484749000390039
2.81173522719532  0.44857748558417687
2.812079551967541  0.44867979675788483
2.812423064802091  0.4487818345988259
2.812765768377621  0.4488836001403277
2.8131076653604934  0.4489850944103827
2.8134487584048586  0.4490863184316837
2.8137890501527267  0.44918727322165863
2.8141285432340406  0.44928795979250546
2.814467240266747  0.44938837915122637
2.8148051438568698  0.449488532299662
2.815142256598579  0.4495884202345253
2.8154785810742635  0.44968804394743506
2.8158141198545983  0.44978740442494936
2.8161488754986164  0.4498865026485985
2.816482850553776  0.44998533959491777
2.81681604755603  0.4500839162354803
2.817148469029894  0.4501822335369288
2.8174801174885125  0.4502802924610081
2.817810995433727  0.45037809396459655
2.8181411053561427  0.4504756389997378
2.8184704497351922  0.45057292851367187
2.8187990310392044  0.45066996344886623
2.819126851725467  0.4507667447430467
2.8194539142402917  0.4508632733292277
2.8197802210190788  0.450959550135743
2.8201057744863802  0.4510555760862753
2.820430577055963  0.4511513520998863
2.820754631130872  0.45124687909104644
2.8210779391034912  0.4513421579696638
2.8214005033556075  0.4514371896411138
2.8217223262584707  0.45153197500626757
2.822043410172854  0.4516265149615211
2.8223637574491165  0.4517208103988234
2.82268337042726  0.4518148622057047
2.8230022514369923  0.4519086712653049
2.8233204027977843  0.45200223845640075
2.823637826818929  0.452095564653434
2.8239545257996004  0.4521886507265384
2.8242705020289103  0.45228149754156716
2.8245857577859677  0.4523741059601196
2.8249002953399347  0.45246647683956825
2.8252141169500833  0.45255861103308503
2.825527224865852  0.4526505093896679
2.8258396213269013  0.4527421727541668
2.826151308563171  0.4528336019673097
2.826462288794932  0.4529247978657284
2.8267725642328454  0.45301576128198395
2.8270821370780124  0.453106493044592
2.8273910095220316  0.45319699397804813
2.8276991837470518  0.4532872649028527
2.828006661925824  0.4533773066355356
2.828313446221757  0.453467119988681
2.828619538788966  0.4535567057709516
2.8289249417723292  0.4536460647871129
2.8292296573075357  0.4537351978380574
2.8295336875211397  0.45382410572082815
2.82983703453061  0.45391278922864287
2.830139700444381  0.454001249150917
2.8304416873619047  0.4540894862732874
2.8307429973736977  0.4541775013776352
2.8310436325613932  0.4542652952421091
2.83134359499779  0.45435286864114804
2.8316428867469012  0.4544402223455037
2.8319415098640026  0.4545273571222631
2.832239466395681  0.4546142737348711
2.8325367583798835  0.4547009729431523
2.8328333878459637  0.454787455503333
2.8331293568147293  0.4548737221680632
2.83342466729849  0.4549597736864381
2.833719321301104  0.4550456108040197
2.8340133208180225  0.45513123426285806
2.834306667836339  0.4552166448015126
2.8345993643348324  0.45530184315507294
2.8348914122840143  0.45538683005518
2.8351828136461728  0.4554716062300465
2.8354735703754175  0.4555561724044777
2.835763684417725  0.45564052929989174
2.836053157710983  0.4557246776343398
2.836341992185033  0.45580861812252654
2.8366301897617143  0.4558923514758296
2.836917752354909  0.45597587840232
2.8372046818705843  0.4560591996067813
2.8374909802068333  0.45614231579072945
2.8377766492539203  0.45622522765243206
2.838061690894321  0.4563079358869278
2.8383461070027662  0.4563904411860453
2.838629899446282  0.45647274423842243
2.8389130700842315  0.4565548457295248
2.8391956207683564  0.4566367463416648
2.8394775533428174  0.45671844675401985
2.839758869644235  0.45679994764265125
2.84003957150173  0.4568812496805221
2.840319660736962  0.45696235353751563
2.840599139164172  0.4570432598804534
2.8408780085902188  0.45712396937311306
2.8411562708146207  0.457204482676246
2.841433927629593  0.4572848004475954
2.8417109808200873  0.45736492334191337
2.84198743216383  0.4574448520109787
2.8422632834313606  0.4575245871036139
2.842538536386069  0.4576041292657026
2.8428131927842344  0.45768347914020635
2.843087254375061  0.45776263736718176
2.8433607229007176  0.4578416045837972
2.843633600096372  0.4579203814243495
2.8439058876902297  0.45799896852028055
2.84417758740357  0.45807736650019376
2.844448700950782  0.4581555759898704
2.8447192300394004  0.4582335976122857
2.8449891763701416  0.45831143198762525
2.8452585416369396  0.45838907973330073
2.8455273275269803  0.45846654146396587
2.8457955357207383  0.4585438177915323
2.8460631678920096  0.4586209093251852
2.846330225707949  0.4586978166713987
2.8465967108291013  0.4587745404339516
2.846862624909439  0.4588510812139425
2.8471279695963934  0.45892743960980514
2.84739274653089  0.45900361621732344
2.8476569573473816  0.45907961162964667
2.8479206036738813  0.4591554264373042
2.8481836871319963  0.45923106122822055
2.848446209336961  0.4593065165877298
2.848708171897669  0.45938179309859045
2.8489695764167045  0.4594568913409998
2.8492304244903783  0.4595318118926085
2.8494907177087567  0.4596065553285347
2.849750457655694  0.4596811222213785
2.8500096459088646  0.45975551314123586
2.8502682840397946  0.4598297286557126
2.8505263736138926  0.4599037693299385
2.8507839161904815  0.45997763572658107
2.851040913322829  0.46005132840585927
2.8512973665581787  0.46012484792555713
2.8515532774377794  0.4601981948410374
2.851808647496917  0.46027136970525495
2.852063478264944  0.4603443730687701
2.8523177712653083  0.4604172054797619
2.8525715280155852  0.46048986748404147
2.852824750027506  0.460562359625065
2.853077438806986  0.46063468244394656
2.8533295958541567  0.4607068364794715
2.8535812226633914  0.46077882226810885
2.8538323207233365  0.46085064034402423
2.8540828915169394  0.46092229123909256
2.854332936521477  0.46099377548291065
2.8545824572085845  0.46106509360280956
2.854831455044282  0.4611362461238671
2.8550799314890045  0.4612072335689203
2.8553278879976283  0.4612780564585774
2.855575326019499  0.46134871531123023
2.855822246998459  0.4614192106430661
2.856068652372875  0.4614895429680801
2.8563145435756647  0.46155971279808655
2.8565599220343247  0.4616297206427314
2.8568047891709556  0.46169956700950365
2.85704914640229  0.46176925240374717
2.8572929951397184  0.4618387773286721
2.8575363367893165  0.4619081422853668
2.857779172751869  0.46197734777280897
2.858021504422899  0.462046394287877
2.85826333319269  0.4621152823253617
2.858504660446314  0.462184012377977
2.8587454875636573  0.46225258493637156
2.8589858159194446  0.46232100048913943
2.859225646883264  0.46238925952283155
2.859464981819594  0.4624573625219663
2.859703822087826  0.46252530996904057
2.8599421690422906  0.4625931023445405
2.8601800240322817  0.4626607401269522
2.8604173884020807  0.4627282237927725
2.8606542634909813  0.4627955538165195
2.860890650633314  0.4628627306707429
2.8611265511584683  0.4629297548260349
2.8613619663909193  0.46299662675104003
2.8615968976502493  0.463063346912466
2.8618313462511717  0.46312991577509355
2.8620653135035554  0.4631963338017869
2.8622988007124475  0.46326260145350373
2.8625318091780962  0.4633287191893053
2.8627643401959744  0.4633946874663664
2.862996395056802  0.4634605067399854
2.8632279750465686  0.4635261774635939
2.8634590814465577  0.4635917000887667
2.8636897155333667  0.46365707506523146
2.8639198785789315  0.46372230284087845
2.864149571850547  0.46378738386177004
2.8643787966108913  0.4638523185721504
2.8646075541180442  0.463917107414455
2.8648358456255125  0.4639817508293198
2.8650636723822505  0.4640462492555909
2.8652910356326804  0.4641106031303337
2.865517936616716  0.4641748128888422
2.865744376569782  0.4642388789646482
2.8659703567228356  0.46430280178953043
2.8661958783023893  0.4643665817935236
2.8664209425305294  0.4644302194049274
2.866645550624938  0.46449371505031567
2.8668697037989146  0.464557069154545
2.8670934032613946  0.46462028214076373
2.867316650216972  0.4646833544304209
2.867539445865918  0.4647462864432747
2.867761791404201  0.4648090785974013
2.86798368802351  0.4648717313092035
2.8682051369112695  0.46493424499341934
2.8684261392506643  0.4649966200631305
2.868646696220656  0.4650588569297707
2.868866808996003  0.46512095600313463
2.869086478747283  0.4651829176913856
2.8693057066409082  0.46524474240106434
2.869524493839147  0.4653064305370971
2.869742841500143  0.46536798250280387
2.869960750777934  0.4654293986999065
2.8701782228224704  0.465490679528537
2.8703952587796353  0.4655518253872453
2.870611859791262  0.4656128366730075
2.870828026995153  0.46567371378123373
2.8710437615250997  0.465734457105776
2.8712590645108986  0.46579506703893625
2.8714739370783717  0.465855543971474
2.871688380349384  0.46591588829261416
2.8719023954418605  0.46597610039005477
2.8721159834698073  0.46603618064997465
2.872329145543326  0.46609612945704104
2.8725418827686333  0.4661559471944171
2.872754196248079  0.46621563424376955
2.8729660870801634  0.4662751909852761
2.8731775563595536  0.46633461779763286
2.8733886051771025  0.4663939150580618
2.8735992346198658  0.4664530831423182
2.8738094457711183  0.4665121224246976
2.8740192397103717  0.4665710332780434
2.8742286175133924  0.46662981607375387
2.8744375802522173  0.4666884711817895
2.874646128995171  0.4667469989706801
2.8748542648068818  0.46680539980753166
2.875061988748301  0.4668636740580336
2.875269301876716  0.4669218220864657
2.875476205245769  0.46697984425570516
2.875682699905473  0.4670377409272334
2.8758887869022276  0.4670955124611429
2.8760944672788353  0.4671531592161442
2.876299742074518  0.46721068154957257
2.876504612324933  0.46726807981739477
2.8767090790621888  0.46732535437421574
2.87691314331486  0.46738250557328537
2.8771168061080052  0.467439533766505
2.8773200684631806  0.4674964393044341
2.8775229313984565  0.4675532225362968
2.877725395928433  0.46760988380998836
2.877927463064255  0.4676664234720818
2.878129133813628  0.46772284186783414
2.8783304091808324  0.4677791393411928
2.8785312901667393  0.4678353162348022
2.878731777768826  0.46789137289000976
2.87893187298119  0.4679473096468725
2.879131576794565  0.4680031268441629
2.879330890196335  0.46805882481937555
2.8795298141705485  0.46811440390873305
2.879728349697935  0.46816986444719216
2.879926497755918  0.46822520676845003
2.88012425931863  0.46828043120495005
2.8803216353569265  0.46833553808788814
2.8805186268384015  0.46839052774721857
2.8807152347274005  0.46844540051165995
2.8809114599850356  0.46850015670870115
2.881107303569199  0.46855479666460725
2.881302766434578  0.46860932070442535
2.881497849532667  0.4686637291519904
2.8816925538117837  0.46871802232993093
2.8818868802170816  0.4687722005596749
2.8820808296905644  0.46882626416145534
2.8822744031710985  0.46888021345431613
2.882467601594428  0.4689340487561175
2.882660425893188  0.4689877703835418
2.882852876996916  0.469041378652099
2.8830449558320694  0.4690948738761323
2.8832366633220343  0.4691482563688236
2.8834280003871418  0.4692015264421991
2.8836189679446793  0.4692546844071345
2.883809566908906  0.46930773057336084
2.883999798191063  0.46936066524946946
2.884189662699388  0.46941348874291766
2.8843791613391283  0.469466201360034
2.8845682950125524  0.46951880340602337
2.884757064618964  0.46957129518497265
2.884945471054714  0.4696236769998557
2.885133515213213  0.46967594915253846
2.885321197984945  0.4697281119437845
2.885508520257478  0.46978016567325986
2.885695482915478  0.46983211063953834
2.8858820868407205  0.4698839471401064
2.886068332912103  0.46993567547136855
2.886254222005658  0.4699872959286521
2.8864397549945635  0.47003880880621235
2.886624932749157  0.4700902143972373
2.8868097561369455  0.47014151299385304
2.886994226022619  0.47019270488712833
2.887178343268062  0.4702437903670796
2.8873621087323653  0.47029476972267575
2.887545523271838  0.47034564324184314
2.8877285877400185  0.4703964112114703
2.8879113029876864  0.47044707391741275
2.8880936698628745  0.4704976316444977
2.8882756892108805  0.4705480846765289
2.8884573618742784  0.47059843329629125
2.8886386886929283  0.47064867778555547
2.8888196705039904  0.47069881842508277
2.8890003081419344  0.47074885549462964
2.8891806024385516  0.47079878927295216
2.8893605542229657  0.47084862003781086
2.8895401643216436  0.470898348065975
2.8897194335584073  0.47094797363322743
2.889898362754445  0.47099749701436866
2.89007695272832  0.47104691848322167
