0.7  1.4
0.6000000000489035  1.3000000000219274
0.5038239959943163  1.2028665465762671
0.41412486502811285  1.1100602218586886
0.3333808670028964  1.0225644359046926
0.2637753401601922  0.9409319717665946
0.20707576621611845  0.8653677601414901
0.16449765963134064  0.79580623340669
0.13660072959215067  0.731976272455744
0.12327768022638992  0.6734580571845725
0.12385315496847835  0.6197347486570983
0.1372552026985437  0.5702385345039629
0.1621990092734122  0.5243893291691123
0.19733754658282793  0.48162512021426274
0.24136222780432331  0.441424175357207
0.2930577350929018  0.40332016545838456
0.3513237248515593  0.3669115410659182
0.4151762181929857  0.3318664115047226
0.48373829161467197  0.29792394379018905
0.5562262204309185  0.2648930681335817
0.6319345905703528  0.23264910507553474
0.7102221897897567  0.20112882086738135
0.7904994961650726  0.17032435467018545
0.8722180495166921  0.1402764213356478
0.9548617309404013  0.11106715879489448
1.0379398648091742  0.08281294728991971
1.1209820242957298  0.05565747225740262
1.2035344249721298  0.02976523153251663
1.285157808728107  0.0053156024720258065
1.3654267389230408  -0.017502508846944667
1.4439302387268498  -0.03849550670894809
1.520273701637982  -0.0574695824748574
1.5940819814991147  -0.07423502930660614
1.6650035265860252  -0.08861060463640934
1.7327153597798521  -0.10042810856660575
1.7969286307103522  -0.10953725335682266
1.8573943879632793  -0.11581076618337577
1.9139091565167357  -0.11914951904518284
1.9663198756410485  -0.11948735042892557
2.0145277704425495  -0.1167951692033275
2.0584908023985444  -0.11108393867492743
2.098224464829054  -0.10240623435726769
2.1338008403581363  -0.09085623489243289
2.165345993176254  -0.07656820372140934
2.193035902605935  -0.05971370343640117
2.2170912357491557  -0.04049791568452296
2.237771296554463  -0.019155494937664094
2.2553674789656974  0.004053636806628357
2.2701965044235517  0.028848229752734055
2.282593654938868  0.054929175689973644
2.29290613845359  0.08198243633180154
2.301486656622903  0.10968149121817351
2.3086871956988064  0.13768948520805932
2.314853033866108  0.16566135969465162
2.320316954502135  0.19324633819005183
2.3253936726212068  0.2200911995365846
2.330374516651237  0.24584479632244116
2.3355224524533242  0.2701642386299089
2.341067581617229  0.2927230353586023
2.3472032807593273  0.31322124343487057
2.3540831627935113  0.33139731672296324
2.3618190285373877  0.34704090725470305
2.3704799375253467  0.3600054348432304
2.3800924680077253  0.3702189275833929
2.3906421709962866  0.3776915669207618
2.4020761659057523  0.3825186188504282
2.4143067848069912  0.3848779777642366
2.4272161486567727  0.3850222749760952
2.4406615441792536  0.38326623607657767
2.4544814536108  0.37997054342071135
2.468502064243488  0.3755237687142877
2.4825440512251786  0.37032396700041875
2.4964293931043353  0.3647613191871455
2.509987955862546  0.359202864726901
2.5230635765067113  0.3539799720119697
2.5355193955112987  0.34937882556689964
2.5472422267635313  0.3456339122382328
2.5581458083918625  0.3429242821369087
2.568172840465477  0.34137224215191087
2.577295778903659  0.3410440959452656
2.585516413510926  0.34195255479111203
2.592864308424544  0.344060488757459
2.5993942239727867  0.34728575056118016
2.6051826701001257  0.3515068713307865
2.6103237642259014  0.35656948768414476
2.6149245821880127  0.3622934040922576
2.6191002011730458  0.36848021596862457
2.622968639067642  0.3749214114777144
2.6266458954772527  0.3814068307723548
2.630241294925567  0.38773329215404057
2.6338533211264243  0.3937131041996089
2.637566111369675  0.39918208763600443
2.6414467512565096  0.4040066535729551
2.6455434726293126  0.4080894508713771
2.649884813207326  0.41137312593677755
2.6544797478644715  0.4138418426169114
2.659318751937883  0.41552038118985407
2.6643757097124214  0.4164708499043553
2.669610539178004  0.41678726490730916
2.674972369668094  0.4165884470763192
2.6804030839430735  0.41600981714067864
2.685841022137887  0.41519472770504834
2.6912246427073434  0.414285952831337
2.696495945335084  0.4134178766118876
2.701603482074272  0.4127098033960275
2.70650481412376  0.41226067725035925
2.7111683101269204  0.41214536661768975
2.7155742247003967  0.41241255549561157
2.7197150399295595  0.4130841913670242
2.723595094933889  0.41415637318386295
2.727229566937175  0.41560151635383524
2.730642899796622  0.41737160018602504
2.7338668014340226  0.41940228061829155
2.736937949309042  0.42161763250345946
2.73989555256106  0.4239352687561257
2.7427789205764506  0.4262715685142499
2.745625180632296  0.42854673610865546
2.7484672723569563  0.4306894120134081
2.751332324846329  0.432640571713138
2.754240494628207  0.43435648319424275
2.7572043109488433  0.43581055043667544
2.7602285410878467  0.4369939467883972
2.7633105548178434  0.4379150321518046
2.7664411359657937  0.43859764184500827
2.7696056623883956  0.4390784216427583
2.772785555289217  0.43940345244496165
2.775959885943213  0.4396244517031058
2.779107023236451  0.43979485372078975
2.7822062090222763  0.43996605813892503
2.7852389595554663  0.4401840997989576
2.788190209040385  0.44048694041909486
2.791049134015584  0.4409025204419974
2.7938096230048646  0.441447644705444
2.796470382591723  0.4421277135034851
2.7990346968770665  0.44293725470568884
2.8015098804151877  0.4438611649431587
2.8039064837478302  0.4448765294612708
2.8062373244944387  0.44595486156991315
2.8085164249323054  0.4470645840910028
2.810757938850288  0.448173567333253
2.812975146331488  0.44925154151946955
2.815179585554206  0.4502722166640117
2.8173803765950702  0.45121496946206696
2.8195837747721413  0.452065993630075
2.8217929716958183  0.4528188549226819
2.824008142431829  0.4534744411521794
2.826226718547827  0.4540403465162959
2.8284438507084455  0.4545297737185046
2.8306530120551927  0.45496007251937504
2.8328466856736707  0.4553510563635989
2.835017076430163  0.4557232479814574
2.837156789350176  0.4560962004057824
2.839259423104644  0.45648702318840073
2.841320037303705  0.4569092173419038
2.8433354651414464  0.45737188987462407
2.845304457288891  0.45787938307135445
2.847227657541711  0.45843131802545994
2.8491074243904295  0.4590230190393686
2.8509475243376503  0.45964625754079924
2.852752731605318  0.46029023273497593
2.8545283742969336  0.4609426924390518
2.856279868851811  0.46159109203640025
2.8580122828074557  0.46222369234453686
2.859729960820646  0.46283050795880365
2.8614362411888448  0.46340403527677576
2.863133280556402  0.46393971231113534
2.8648219940007067  0.46443608845405465
2.866502107226753  0.4648947091356771
2.868172308063275  0.4653197453213007
2.8698304766338274  0.46571741872556677
2.8714739680657013  0.46609528867682304
2.8730999187556456  0.4664614746133407
2.8747055471324705  0.46682388889100335
2.8762884223854437  0.46718954835529836
2.8778466793781754  0.46756402106174194
2.879379164373953  0.4679510481770507
2.880885503575326  0.4683523622830969
2.882366094094809  0.46876770392326444
2.8838220241133445  0.4691950200495538
2.885254935023061  0.4696308125743058
2.886666842803473  0.4700705936856272
2.8880599384333006  0.4705093977291648
2.8894363876750933  0.47094229763113893
2.890798149162877  0.4713648769314753
2.8921468266271404  0.47177361597497003
2.893483566704333  0.47216616175630727
2.8948090085969054  0.4725414641196711
2.8961232864197957  0.47289977508637976
2.8974260799279032  0.4732425215995992
2.898716704945591  0.4735720736234663
2.8999942315901057  0.4738914382568486
2.90125761653837  0.47420391561942227
2.902505835222263  0.4745127534566306
2.9037380008909324  0.47482083483012033
2.90495345975243  0.47513042743000905
2.906151854594131  0.47544301477864553
2.9073331530029383  0.47575921989351044
2.908497640153386  0.4760788219111816
2.9096458797088967  0.4764008567752225
2.910778649345404  0.47672378525078224
2.9118968594980386  0.4770457059266009
2.9130014649964098  0.4773645879160989
2.9140933792525687  0.477678497800387
2.9151733996700546  0.47798579780909156
2.9162421511224625  0.47828529689498445
2.917300051950002  0.47857634260668047
2.918347304231786  0.47885884874934004
2.919383907411221  0.4791332609481822
2.9204096919627744  0.47940046863580293
2.9214243679226786  0.4796616770350252
2.9224275819255685  0.4799182559525724
2.923418975971832  0.48017158340834876
2.9243982414882472  0.48042290131002185
2.925365163248347  0.48067319777244677
2.926319649234205  0.48092312668546927
2.9272617443482787  0.4811729702831808
2.9281916278024585  0.4814226453496886
2.929109595806248  0.48167174888589626
2.930016032659727  0.4819196350606193
2.930911374389026  0.48216551245759476
2.9317960695609777  0.4824085492327945
2.932670541862314  0.4826479738697926
2.9335351584721305  0.4828831606554439
2.934390207292457  0.4831136915409117
2.935235884867516  0.4833393893438121
2.9360722954754346  0.483560320864593
2.9368994605765724  0.4837767720029264
2.9377173366937157  0.4839891999764053
2.938525838993159  0.4841981699551781
2.9393248674020165  0.484404284636395
2.940114332058446  0.4846081154242073
2.9408941752234155  0.48481014301528647
2.94166438741995  0.48501071348951424
2.942425016412433  0.4852100137282183
2.9431761685810645  0.4854080674343877
2.943918003168379  0.4856047505267147
2.9446507206697685  0.4857998225104666
2.945374547224661  0.4859929688222482
2.946089717186218  0.48618384824995475
2.9467964560869198  0.4863721393973417
2.9474949659914134  0.48655758075465355
2.948185414783136  0.48674000012980373
2.948867930336691  0.48691933080285865
2.949542599865973  0.48709561356750347
2.950209474092908  0.4872689855865237
2.950868575329723  0.4874396585044728
2.9515199081683705  0.487607889364587
2.9521634712610054  0.48777394846533856
2.9527992686662725  0.4879380883316092
2.953427319413687  0.48810051750252004
2.9540476642666347  0.4882613819487769
2.954660369091915  0.4884207557673588
2.9552655247101813  0.48857864152456476
2.955863243546679  0.4887349793957159
2.9564536537719044  0.488889663228309
2.957036891877064  0.4890425609465974
2.957613094746528  0.4891935363839897
2.958182392264769  0.48934246968815076
2.9587449013426177  0.48948927385544927
2.959300721995955  0.4896339056379574
2.9598499357986117  0.4897763699202462
2.960392606704099  0.4899167175640605
2.9609287839305365  0.49005503754881496
2.9614585063658216  0.49019144489460054
2.961981807801059  0.4903260662710912
2.9624987222516967  0.4904590253356575
2.9630092886761603  0.49059042971047734
2.963513554536807  0.4907203611397421
2.9640115778437837  0.49084886982991616
2.9645034275487987  0.4909759733511212
2.964989182381174  0.4911016598538317
2.965468928413649  0.49122589481320467
2.9659427557871836  0.4913486301177905
2.9664107550981416  0.491469814110411
2.966873013953336  0.49158940117951333
2.9673296141338534  0.491707359675025
2.9677806296911453  0.4918236772460452
2.9682261261482266  0.4919383631143511
2.968666160817576  0.49205144724515437
2.9691007840977037  0.492162976792922
2.9695300414913697  0.49227301053231937
2.969953976013543  0.4923816121946562
2.9703726306329252  0.4924888437000323
2.970786050416421  0.492594759206398
2.971194284113959  0.49269940070921586
2.9715973850189292  0.49280279565403806
2.9719954110516493  0.49290495671246837
2.972388424123286  0.4930058835651892
2.9727764889308075  0.4931055662753288
2.9731596713984447  0.49320398965325013
2.9735380370112074  0.49330113792854446
2.973911649279911  0.4933969990605832
2.9742805685386666  0.49349156812523776
2.974644851212775  0.49358484939044417
2.97500454961812  0.4936768569074878
2.9753597122742437  0.49376761366542604
2.9757103846433828  0.4938571495518343
2.976056610155884  0.4939454985087983
2.9763984313543372  0.4940326953524792
2.9767358909864834  0.4941187727318731
2.977069032898681  0.49420375864237126
2.9773979026224615  0.4942876747962452
2.977722547599197  0.4943705360055459
2.978043017043744  0.4944523505764805
2.978359361499011  0.49453312157104556
2.978671632172797  0.49461284868080274
2.978979880171382  0.494691530392318
2.979284155749204  0.49476916610956734
2.979584507681386  0.49484575793341573
2.979880982839024  0.4949213118731364
2.9801736260111418  0.4949958383658517
2.980462479977873  0.49506935209011416
2.9807475858027868  0.49514187116293473
2.9810289832833123  0.49521341589110274
2.981306711480587  0.4952840072975882
2.981580809245286  0.49535366565750616
2.9818513156638042  0.49542240925653397
2.9821182703673226  0.49549025353384535
2.9823817136713173  0.4955572107013818
2.982641686540735  0.4956232898535024
2.982898230402075  0.4956884975077674
2.9831513868443054  0.4957528384592254
2.983401197263298  0.49581631679446353
2.983647702508048  0.49587893690134316
2.983890942581613  0.49594070432518417
2.9841309564369523  0.4960016263578947
2.984367781890223  0.4960617122961385
2.9846014556545897  0.4961209733595515
2.984832013479319  0.4961794223116224
2.9850594903644776  0.49623707286670027
2.985283920812789  0.4962939389914485
2.985505339077959  0.4963500342155246
2.985723779372866  0.496405371054886
2.9859392760102623  0.4964599606251024
2.9861518634612336  0.4965138124865428
2.9863615763304256  0.49656693472447927
2.9865684492597717  0.4966193342311644
2.9867725167823136  0.49667101712904743
2.9869738131534223  0.4967219892580558
2.98717237218778  0.49677225664680014
2.9873682271271105  0.4968218258970262
2.987561410556723  0.49687070443013676
2.9877519543798257  0.49691890057030613
2.987939889848878  0.49696642346613257
2.9881252476444944  0.4970132828775444
2.9883080579858725  0.4970594888731916
2.9884883507532534  0.4971050514934685
2.9886661556027425  0.497149980434816
2.9888415020567503  0.4971942848027506
2.9890144195585773  0.49723797296617644
2.98918493748628  0.4972810525268426
2.989353085127754  0.49732353039855226
2.9895188916248783  0.4973654129739812
2.9896823858987314  0.49740670634513506
2.9898435965698082  0.49744741653801383
2.9900025518867115  0.49748754972328074
2.9901592796742666  0.497527112371892
2.990313807307952  0.49756611133609707
2.9904661617167494  0.4976045538497914
2.9906163694118097  0.49764244745555586
2.990764456534442  0.4976797998767492
2.9909104489144216  0.4977166188601646
2.9910543721287586  0.49775291201721344
2.9911962515518598  0.4977886866893609
2.991336112390203  0.497823949857369
2.991473979697735  0.49785870810512667
2.991609878371644  0.4978929676390965
2.991743833131351  0.4979267343553405
2.9918758684860203  0.4979600139391041
2.99200600869727  0.4979928119779953
2.9921342777439546  0.4980251340692686
2.992260699294929  0.49805698590441094
2.9923852966938793  0.49808837331941014
2.9925080929579733  0.49811930230571894
2.9926291107896597  0.4981497789837893
2.9927483725988524  0.49817980954701346
2.992865900531277  0.4982094001880632
2.9929817164981154  0.4982385570214434
2.9930958422022984  0.498267286015468
2.993208299157773  0.49829559294413656
2.9933191086995325  0.49832348336516835
2.99342829198395  0.49835096262556455
2.9935358699805703  0.4983780358913834
2.9936418634578503  0.4984047081946873
2.9937462929661094  0.49843098448839174
2.993849178821117  0.49845686969925546
2.993950541091339  0.4984823687704312
2.9940503995909737  0.49850748668750616
2.9941487738797448  0.4985322284852678
2.9942456832692006  0.4985565992359082
2.99434114683419  0.4985806040224365
2.994435183427436  0.498604247903217
2.9945278116947853  0.4986275358745203
2.994619050088813  0.4986504728376898
2.9947089168789485  0.49867306357615554
2.994797430157037  0.49869531274538786
2.9948846078381184  0.49871722487641146
2.994970467657043  0.49873880439113577
2.995055027162184  0.49876005562590375
2.995138303707896  0.4987809828585788
2.995220314447426  0.49880159033430543
2.9953010763277508  0.49882188228574076
2.995380606087356  0.49884186294487826
2.995458920257361  0.49886153654528625
2.995536035165799  0.4988809073153366
2.995611966944308  0.4988999794644977
2.995686731536161  0.4989187571657771
2.995760344704416  0.4989372445377835
2.9958328220390453  0.49895544562963345
2.9959041789622027  0.4989733644111427
