0.7  1.4
0.495516096  0.943951344
0.39316975616351024  0.49903533828579466
0.408305339227424  0.08848704833567567
0.5256459659599766  -0.28466080731293253
0.7152778311780059  -0.6242217009901234
0.9206672888077879  -0.9031153668437183
1.0410330641164018  -0.9851648127769517
1.1127083401716371  -0.9312950251575638
1.1805523865739014  -0.8183188404747626
1.2612954941700454  -0.6778200217972407
1.3596182240582964  -0.5232698530888993
1.4745957527720541  -0.36100359661783027
1.6029737243393138  -0.196198288750017
1.7410220935293896  -0.03598761101538009
1.8856093964807719  0.11001836217510824
2.034494662020396  0.23125459450790137
2.185705992633127  0.319355887187744
2.3364788285636937  0.37285629505882084
2.482766217999481  0.39975243880577527
2.6199625108428934  0.41368086698640844
2.7444031383723497  0.42724348620228386
2.8545830658090883  0.44761493106896444
2.951401537064466  0.4751151548564998
3.037306004427617  0.5043921695993288
3.1147557762212763  0.5287676909582235
3.185059197055576  0.5456988912495649
3.24848218071129  0.5574790002494023
3.305120989958384  0.5672347305689429
3.3553978417966706  0.5762593931143044
3.3999550949818667  0.584398891455656
3.4394016016019857  0.5913730119806369
3.474231892989612  0.5972684708816136
3.5048734661122825  0.6023014105125188
3.531722868502076  0.6066209372851334
3.5551465677575975  0.6103203839483312
3.5754775320360097  0.6134776473012912
3.593017227013321  0.6161619293990455
3.608038720202838  0.6184323285795756
3.6207891788702673  0.6203391320208645
3.631492121799928  0.6219254753776929
3.640349548380729  0.6232285381847406
3.6475439152346287  0.6242804950311683
3.6532399571032026  0.625109296757946
3.6575863575857084  0.6257393120007474
3.660717276859954  0.6261918570000594
3.6627537448630187  0.6264856354255307
3.663804929032568  0.6266371053961702
3.6639692858841166  0.6266607872908583
3.6633356055718735  0.6265695231610164
3.6619839582607305  0.6263746963825282
3.659986550698901  0.6260864184797462
3.6574085008762913  0.6257136887128346
3.654308538118195  0.6252645309591912
3.6507396354212855  0.6247461115776846
3.646749580305056  0.624164841272965
3.6423814899371743  0.623526463439259
3.6376742758020972  0.6228361310303436
3.6326630627222984  0.6220984736527515
3.627379566612413  0.6213176562955076
3.621852434948833  0.620497430878434
3.6161075535703815  0.6196411816117864
3.6101683230885224  0.6187519650044236
3.6040559078767807  0.6178325452293294
3.5977894603269127  0.616885425448927
3.591386322802223  0.6159128756141296
3.5848622094844056  0.614916957177143
3.5782313700976967  0.6138995450960625
3.5715067373012035  0.6128623474571328
3.564700059365426  0.6118069229964669
3.557822019590649  0.6107346967656448
3.550882343781617  0.609646974153805
3.543889896963377  0.6085449534516834
3.5368527704061203  0.6074297371197741
3.5297783599211536  0.6063023419027794
3.522673436294706  0.6051637079152524
3.5155442086401782  0.6040147068084089
3.5083963813717927  0.6028561491151254
3.501235205432564  0.6016887908588678
3.494065524346415  0.6005133395024603
3.4868918156073634  0.5993304593039994
3.4797182278674863  0.5981407761396778
3.4725486143392015  0.596944881846651
3.4653865627858513  0.5957433381332476
3.4582354224371574  0.5945366800986732
3.4510983281324354  0.5933254193998035
3.443978221964147  0.592110047098643
3.4368778726670968  0.5908910362204437
3.4297998929740463  0.5896688440493163
3.4227467551364525  0.5884439141853459
3.4157208047891965  0.5872166783847198
3.4087242733203245  0.5859875582021459
3.4017592888908  0.5847569664528525
3.394827886234845  0.5835253085096944
3.3879320153585146  0.5822929834493101
3.3810735492425206  0.5810603850598736
3.3742542906448807  0.5798279027217322
3.3674759780896073  0.5785959221711091
3.36074029111924  0.5773648261560573
3.3540488548814915  0.576134994992975
3.347403244113511  0.5749068070312092
3.340804986581229  0.5736806390325828
3.334255566025799  0.5724568664720738
3.3277564246643143  0.5712358637653303
3.3213089652876255  0.570018004428236
3.314914552994187  0.5688036611733264
3.3085745165953946  0.5675932059474913
3.3022901497247714  0.5663870099150871
3.2960627116805656  0.5651854433903096
3.2898934280288636  0.5639888757224483
3.283783490992095  0.5627976751374364
3.27773405964583  0.5616122085389521
3.271746259945007  0.5604328412721769
3.2658211845991363  0.5592599368532019
3.259959892814625  0.5580938566669778
3.2541634099210963  0.5569349596366192
3.2484327268974273  0.5557836018668162
3.2427687998122297  0.5546401362640488
3.237172549192547  0.5535049121362632
3.231644859333721  0.5523782747746316
3.226186577562604  0.5512605650199961
3.2207985134656076  0.5501521188165663
3.2154814380924073  0.5490532667554285
3.2102360831455488  0.5479643336103983
3.2050631401656173  0.5468856378687316
3.199963259721106  0.5458174912591829
3.194937050611605  0.5447601982798775
3.189985079092452  0.5437140557284281
3.1851078681284966  0.5426793522366918
3.18030589668417  0.5416563678125211
3.175579599056599  0.5406453733908066
3.170929364258029  0.5396466303960539
3.1663555354533908  0.538660390318666
3.161858409458363  0.5376868943070284
3.1574382363028524  0.5367263727774058
3.1530952188643346  0.535779045043562
3.1488295125750474  0.5348451189679173
3.1446412252065543  0.5339247906359349
3.140530416734739  0.5330182440553146
3.136497099287809  0.532125650881436
3.1325412371794203  0.5312471701703606
3.1286627470285717  0.5303829481605552
3.1248614979674296  0.5295331180843517
3.1211373119377943  0.5286978000100012
3.1174899640764493  0.5278771007150252
3.1139191831891773  0.5270711135914001
3.1104246523127914  0.5262799185829516
3.107006009364082  0.5255035821551703
3.1036628478741695  0.5247421572974929
3.1003947178063367  0.5239956835579356
3.097201126455036  0.5232641871098033
3.0940815394233816  0.522547680850041
3.091035381676106  0.5218461645286454
3.088062038664615  0.5211596249084072
3.0851608575204876  0.5204880359541159
3.0823311483134845  0.5198313590502287
3.079572185369875  0.5191895432458813
3.076883208646686  0.5185625255260057
3.0742634251572625  0.517950231107216
3.0717120104433837  0.5173525737570325
3.06922811008904  0.5167694561349266
3.0668108412708652  0.5162007701536051
3.0644592943401556  0.5156463973588858
3.0621725344313564  0.5151062093264737
3.059949603091881  0.5145800680739049
3.0577895199281437  0.5140678264859052
3.0556912842627266  0.5135693287513909
3.0536538767976635  0.5130844108103398
3.0516762612789186  0.5126129008087658
3.0497573861572542  0.5121546195600473
3.047896186240813  0.5117093810108875
3.046091584334899  0.51127699271022
3.0443424928646197  0.5108572562794161
3.0426478154762435  0.5104499678822045
3.0410064486133264  0.5100549186927699
3.0394172830638926  0.5096718953605648
3.0378792054751766  0.509300680470438
3.0363910998326786  0.5089410529967576
3.0349518489005294  0.5085927887502885
3.033560335620413  0.508255660816664
3.0322154444665577  0.5079294399853787
3.0309160627545535  0.5076138951683147
3.029661081902021  0.507308793806903
3.028449398639407  0.5070139022671085
3.0272799161694395  0.5067289862215183
3.0261515452740215  0.5064538110178972
3.0250632053675868  0.5061881420336632
3.0240138254961773  0.5059317450158196
3.023002345281733  0.5056843864059621
3.022027715811299  0.5054458336500613
3.0210889004710735  0.5052158554927936
3.0201848757254117  0.5049942222562722
3.0193146318410977  0.5047807061030964
3.0184771735573688  0.5045750812837049
3.0176715207023466  0.5043771243680804
3.0168967087566805  0.5041866144619145
3.016151789365357  0.5040033334073899
3.015435830798749  0.5038270659687935
3.0147479183641113  0.5036576000032158
3.01408715476882  0.5034947266166357
3.0134526604367586  0.5033382403057253
3.012843573779333  0.5031879390857456
3.012259051422664  0.5030436246049322
3.0116982683925797  0.5029051022457942
3.0111604182590623  0.502772181213775
3.0106447132418634  0.5026446746137385
3.0101503842790156  0.5025223995147626
3.009676681059999  0.5024051770037306
3.0092228720253327  0.5022928322282217
3.0087882443343634  0.5021851944292087
3.0083721038030236  0.5020820969640699
3.0079737748133186  0.5019833773204281
3.0075926001962907  0.5018888771213251
3.0072279410901794  0.5017984421222366
3.006879176775477  0.5017119222004269
3.0065457044885413  0.5016291713371372
3.00622693921539  0.5015500475930886
3.00592231346727  0.5014744130777747
3.005631277039533  0.5014021339130053
3.0053532967553265  0.5013330801911483
3.0050878561955368  0.5012671259285081
3.004834455416385  0.501204149014259
3.004592610656016  0.5011440311553423
3.0043618540313743  0.5010866578177163
3.004141733226593  0.5010319181643351
3.0039318111740827  0.5009797049902157
3.003731665729437  0.5009299146549353
3.0035408893412234  0.5008824470128865
3.0033590887166692  0.5008372053415999
3.0031858844842  0.5007940962684281
3.0030209108537282  0.5007530296958697
3.0028638152755454  0.500713918725795
3.0027142580986004  0.5006766795828198
3.002571912228921  0.5006412315370588
3.002436462788858  0.500607496826474
3.002307606777802  0.5005754005790216
3.0021850527349674  0.5005448707347829
