0.7  1.4
0.495516096  0.943951344
0.5100436954310017  0.8208197444119371
0.550115531857034  0.722135785861779
0.6050695548847155  0.6364642310372568
0.6691629967162721  0.5598595325919872
0.7385500868833086  0.4908023003053601
0.8104526759331545  0.42863741022569696
0.8828430293291202  0.37297522566527785
0.9542696856479114  0.3234644606497041
1.0237292884796607  0.27972456381885363
1.0905612935170603  0.24134249015442666
1.1543615329637622  0.20788960426693387
1.2149134969173938  0.17893996916381089
1.272135417473755  0.15408378299380837
1.3260404825057148  0.1329352051852666
1.3767073797553784  0.1151357470034154
1.4242586795733132  0.10035474861931352
1.468845038987342  0.08828822204187217
1.5106336845494999  0.0786569582568272
1.5498000339830966  0.07120445303779065
1.5865216295007112  0.06569494881888059
1.6209737865470304  0.061911718858277294
1.6533265268358464  0.059655617376871944
1.683742480595541  0.05874386578113276
1.7123755240501113  0.05900902352338377
1.7393699751983112  0.06029808963759938
1.7648602117396974  0.06247168834824699
1.788970604918024  0.06540330338525073
1.8118156856731011  0.068978537172041
1.8335004770973415  0.07309438103033891
1.8541209412176687  0.07765849024363235
1.8737644994643672  0.0825884631978796
1.8925105954195713  0.08781112717927596
1.9104312759474684  0.0932618351949156
1.9275917728811047  0.09888377883814582
1.944051072304992  0.1046273221318794
1.9598624623226426  0.11044936075208565
1.9750740532040998  0.11631271027866223
1.989729266120912  0.12218552628885922
2.0038672884264286  0.12804075829063924
2.017523494740929  0.13385563874087547
2.030729834049463  0.13961120773011032
2.043515183694273  0.14529187334876578
2.0559056716073743  0.1508850072765374
2.067924968433275  0.15638057474967068
2.0795945513769505  0.16177079775051315
2.0909339417089634  0.16704985002062278
2.101960917891641  0.17221358231398212
2.112691706275327  0.1772592761727355
2.123141151265312  0.1821854244175992
2.13332286678811  0.186991536492857
2.143249370797749  0.19167796678653742
2.152932204464287  0.19624576405539282
2.1623820375820166  0.20069654011749363
2.1716087616270157  0.2050323560287269
2.1806215717852293  0.2092556240296098
2.1894290391650215  0.21336902363217544
2.19803917430356  0.21737543031006604
2.2064594829755975  0.2212778553554187
2.2146970152170082  0.2250793955709677
2.2227584083844794  0.22878319157260718
2.230649924987413  0.23239239358436428
2.238377485948674  0.2359101337125394
2.2459466998774236  0.23933950378720426
2.2533628888698907  0.24268353795613992
2.260631111292519  0.24594519930776068
2.267756181946232  0.24912736988498124
2.2747426899604237  0.2522328435309548
2.2815950147203314  0.25526432107994934
2.2883173400914596  0.25822440747232295
2.294913667169238  0.26111561043172954
2.3013878257508398  0.26394034039556824
2.307743484698669  0.2667009114366006
2.313984161341049  0.26939954295497626
2.320113230034844  0.27203836195604747
2.3261339299967023  0.274619405760746
2.332049372494071  0.2771446250223932
2.337862547473787  0.2796158869470412
2.343576329694617  0.2820349786342287
2.3491934844203843  0.284403610471774
2.3547166727220294  0.286723419532296
2.3601484564299327  0.2889959729308956
2.3654913027718845  0.29122277111315503
2.370747588727084  0.2934052510506145
2.3759196051223173  0.29554478932740386
2.381009560492923  0.297642705106981
2.3860195847281727  0.29970026297214253
2.390951732518177  0.30171867563480964
2.3958079866173376  0.30369910651469195
2.4005902609375855  0.30564267218793095
2.4053004034831584  0.3075504447083268
2.409940199137416  0.3094234538048517
2.4145113723111185  0.3112626889599294
2.419015589460696  0.31306910137347793
2.4234544614842575  0.3148436058180248
2.4278295460024237  0.3165870823903592
2.432142349530499  0.3183003781652163
2.436394329547988  0.3199843087564277
2.4405868964710318  0.32163965979084513
2.444721415532949  0.32326718830016504
2.448799208577718  0.3248676240355724
2.452821555770935  0.32644167070989033
2.4567896972324945  0.3279900071716786
2.4607048345949902  0.3295132885154765
2.4645681324916016  0.33101214713213867
2.4683807199770107  0.3324871937029707
2.4721436918847046  0.3339390181411372
2.4758581101238266  0.33536819048358985
2.479525004918573  0.33677526173655076
2.4831453759929656  0.3381607646773826
2.4867201937036887  0.33952521461548857
2.4902504001235233  0.3408691101147063
2.4937369100777933  0.3421929336794928
2.4971806121360984  0.34349715240704387
2.5005823695615015  0.3447822186073452
2.503943021219216  0.34604857039301895
2.507263382446738  0.3472966322407055
2.5105442458872655  0.3485268155256038
2.5137863822881554  0.34973951903068656
2.516990541266071  0.3509351294320084
2.520157452040396  0.3521140217614305
2.5232878241364083  0.35327655984800393
2.5263823480596233  0.3544230967391705
2.529441695942656  0.35555397510286957
2.5324665221658758  0.35666952761156995
2.535457463953059  0.3577700773091831
2.538415141943197  0.35885593796175486
2.541340160739539  0.3599274143927787
2.54423310943692  0.36098480280392253
2.5470945621283443  0.3620283910819137
2.549925078391764  0.3630584590922829
2.552725203757947  0.3640752789606271
2.555495470160267  0.3650791153420121
2.558236396367225  0.36607022567910136
2.560948488398468  0.3670488604495626
2.563632239925016  0.3680152634032735
2.566288132654404  0.36896967178981877
2.5689166367013856  0.36991231657674256
2.5715182109448214  0.3708434226589959
2.574093303371352  0.3717632090599933
2.576642351406416  0.3726718891246724
2.5791657822331557  0.3735696707049266
2.581664013099718  0.37445675633776354
2.584137451615444  0.37533334341652214
2.5865864960364093  0.3761996243554631
2.5890115355407612  0.3770557867480333
2.5914129504942713  0.37790201351908653
2.5937911127065107  0.37873848307133035
2.5961463856780296  0.3795653694262542
2.5984791248389096  0.3803828423597814
2.6007896777790362  0.3811910675328754
2.6030783844704275  0.3819902066173181
2.605345577481935  0.38278041741686997
2.6075915821866245  0.38356185398400794
2.609816716962124  0.38433466673243016
2.6120212933842155  0.38509900254550605
2.6142056164139427  0.385855004880842
2.616369984578476  0.38660281387112505
2.6185146901459877  0.3873425664213985
2.6206400192947656  0.38807439630291696
2.622746252276782  0.3887984342437205
2.624833663575935  0.3895148080160623
2.626902522061163  0.3902236425208162
2.6289530911346266  0.39092505986898624
2.6309856288751403  0.3916191794604342
2.6330003881770367  0.3923061180599355
2.63499761688463  0.3929859898706691
2.636977557922441  0.3936589066052423
2.638940449421343  0.39432497755434714
2.6408865248407736  0.3949843096531399
2.64281601308716  0.3956370075454316
2.6447291386286915  0.3962831736457745
2.6466261216065736  0.39692290819952397
2.6485071779428884  0.3975563093409531
2.6503725194451833  0.39818347314949365
2.652222353907902  0.39880449370417387
2.6540568852107738  0.3994194631363199
2.655876313414262  0.40002847168058614
2.6576808348521808  0.40063160772437595
2.6594706422215744  0.40122895785571183
2.6612459246699536  0.4018206069096118
2.6630068678799845  0.40240663801302645
2.6647536541517116  0.40298713262838864
2.6664864624824034  0.40356217059582583
2.6682054686440995  0.4041318301740829
2.669910845258935  0.4046961880802012
2.671602761872322  0.40525531952799854
2.673281385024054  0.4058092982653915
2.6749468783174057  0.4063581966106014
2.676599402486294  0.4069020854872822
2.678239115460564  0.4074410344586088
2.6798661724294592  0.40797511176036044
2.681480725903342  0.40850438433303454
2.68308292577371  0.4090289178530237
2.6846729193715757  0.40954877676288814
2.686250851524253  0.4100640243007541
2.687816864610605  0.4105747225288672
2.6893710986148016  0.41108093236132953
2.6909136911786367  0.41158271359104787
2.6924447776524443  0.4120801249159188
2.6939644911446647  0.41257322396427587
2.695472962570098  0.4130620673196238
2.696970320696887  0.4135467105446821
2.698456692192271  0.4140272082047614
2.699932201667142  0.4145036138904935
2.7013969717194533  0.4149759802399364
2.7028511229764955  0.4154443589600746
2.7042947741360965  0.41590880084773274
2.7057280420067586  0.4163693558099233
2.7071510415467794  0.4168260728836441
2.7085638859023775  0.4172790002551447
2.709966686444858  0.4177281852786774
2.7113595528068424  0.418173674494749
2.712742592917596  0.4186155136478893
2.7141159130374715  0.4190537477039509
2.7154796177915044  0.41948842086695476
2.7168338102021745  0.4199195765954957
2.718178591721368  0.42034725761872116
2.7195140622615535  0.42077150595189583
2.720840320226205  0.4211923629115653
2.722157462539482  0.42160986913033066
2.723465584675199  0.42202406457124503
2.7247647806850956  0.4224349885418445
2.726055143226433  0.4228426797078233
2.7273367635889327  0.4232471761063641
2.7286097317210785  0.423648515159134
2.7298741362557952  0.4240467336849553
2.7311300645355265  0.42444186791216143
2.7323776026367255  0.42483395349064584
2.7336168353937755  0.4252230255036144
2.7348478464223542  0.4256091184790489
2.736070718142262  0.42599226640088983
2.737285531799721  0.42637250271994687
2.738492367489169  0.42674986036454493
2.739691304174549  0.4271243717509129
2.7408824197101254  0.42749606879332247
2.74206579086082  0.4278649829139842
2.743241493322098  0.4282311450527076
2.7444096017394015  0.4285945856763315
2.7455701897271547  0.42895533478793174
2.746723329887345  0.42931342193581157
2.747869093827689  0.4296688762222815
2.7490075521794046  0.4300217263122336
2.7501387746145878  0.4303720004415167
2.7512628298632107  0.4307197264251171
2.7523797857297505  0.43106493166515075
2.7534897091094566  0.43140764315867175
2.754592666004267  0.43174788750530163
2.755688721538381  0.4320856909146851
2.756777939973501  0.4324210792137765
2.757860384723743  0.43275407785396064
2.7589361183702388  0.43308471191801434
2.760005202675421  0.4334130061269107
2.7610676985970106  0.4337389848464718
2.7621236663017115  0.43406267209387295
2.763173165178615  0.43438409154400315
2.764216253852327  0.4347032665356843
2.7652529901958243  0.435020220077754
2.76628343134304  0.4353349748550147
2.7673076337011957  0.43564755323405335
2.7683256529628752  0.43595797726893376
2.7693375441178554  0.43626626870676605
2.7703433614646924  0.43657244899315584
2.7713431586220767  0.4368765392775359
2.7723369885399554  0.43717856041838365
2.7733249035104324  0.43747853298832756
2.7743069551784485  0.43777647727914454
2.7752831945522494  0.4380724133066516
2.7762536720136444  0.43836636081549424
2.7772184373280626  0.43865833928383413
2.778177539654408  0.43894836792793845
2.7791310275547247  0.43923646570667363
2.7800789490036664  0.43952265132590523
2.7810213513977877  0.43980694324280706
2.7819582815646493  0.44008935967008095
2.782889785771749  0.44036991858009006
2.783815909735279  0.44064863770890694
2.7847366986287145  0.4409255345602794
2.7856521970912405  0.4412006264095153
2.7865624492360106  0.441473930307289
2.787467498658256  0.44174546308337015
2.788367388443236  0.44201524135027814
2.7892621611740394  0.44228328150686275
2.7901518589392387  0.44254959974181346
2.791036523340401  0.4428142120370986
2.7919161954994562  0.44307713417133643
2.7927909160659325  0.44333838172309953
2.793660725224052  0.44359797007415375
2.794525662699697  0.44385591441263383
2.7953857677672502  0.44411222973615677
2.796241079256305  0.4443669308548744
2.7970916355582545  0.4446200323944665
2.797937474632762  0.4448715487990762
2.7987786340141114  0.4451214943341883
2.7996151508174423  0.44536988308945263
2.8004470617448733  0.44561672898145294
2.801274403091516  0.44586204575642296
2.802097210751379  0.4461058469929107
2.802915520223167  0.4463481461043922
2.8037293666159764  0.44658895634183576
2.8045387846548917  0.44682829079621783
2.8053438086864784  0.4470661624009917
2.8061444726841827  0.4473025839345098
2.8069408102536357  0.44753756802240074
2.807732854637863  0.44777112713990247
2.8085206387224035  0.44800327361415154
2.8093041950403417  0.4482340196264307
2.8100835557772483  0.44846337721437457
2.8108587527760385  0.4486913582741349
2.811629817541746  0.4489179745625066
2.8123967812462136  0.4491432376990142
2.813159674732706  0.4493671591679613
2.8139185285204396  0.44958975032044207
2.8146733728090396  0.4498110223763166
2.815424237482919  0.4500309864261509
2.8161711521155834  0.45024965343312195
2.816914145973866  0.4504670342348885
2.8176532480220864  0.4506831395454286
2.8183884869261453  0.4508979799568446
2.819119891057546  0.4511115659411358
2.8198474884973526  0.4513239078519399
2.8205713070400806  0.45153501592624407
2.821291374197523  0.45174490028606556
2.822007717202515  0.45195357094010297
2.822720363012634  0.4521610377853588
2.8234293383138427  0.45236731060873386
2.8241346695240686  0.45257239908859365
2.824836382796729  0.4527763127963081
2.8255345040241955  0.45297906119776427
2.8262290588412053  0.45318065365485366
2.826920072628215  0.4533810994269335
2.8276075705147012  0.45358040767226326
2.8282915773824104  0.4537785874494167
2.8289721178685534  0.45397564771866994
2.82964921636895  0.4541715973433662
2.8303228970411265  0.45436644509125707
2.830993183807359  0.4545601996358217
2.8316601003576727  0.45475286955756355
2.832323670152794  0.4549444633452855
2.8329839164270516  0.4551349893973437
2.8336408621912392  0.4553244560228808
2.8342945302354274  0.45551287144303826
2.8349449431317346  0.4557002437921491
2.835592123237056  0.45588658111891067
2.8362360926957466  0.45607189138753834
2.8368768734422685  0.4562561824789001
2.8375144872037907  0.4564394621916329
2.838148955502755  0.45662173824324054
2.8387802996593985  0.4568030182711737
2.839408540794241  0.4569833098338928
2.840033699830532  0.4571626204119134
2.8406557974966624  0.457340957408835
2.8412748543285367  0.45751832815235305
2.8418908906719147  0.45769473989525483
2.842503926684713  0.45787019981639965
2.8431139823392755  0.4580447150216833
2.8437210774246067  0.4582182925449871
2.844325231548575  0.458390939349112
2.8449264641400815  0.458562662326698
2.845524794451197  0.4587334683011291
2.8461202415592672  0.4589033640274238
2.8467128243689874  0.45907235619311215
2.847302561614447  0.45924045141909847
2.8478894718611425  0.4594076562605113
2.8484735735079627  0.4595739772075397
2.849054884789145  0.4597394206862567
2.8496334237762015  0.4599039930594302
2.8502092083798196  0.4600677006273214
2.8507822563517338  0.46023054962847043
2.85135258528657  0.4603925462404708
2.851920212623666  0.4605536965807315
2.8524851556488606  0.46071400670722745
2.853047431496264  0.4608734826192389
2.853607057149998  0.4610321302580793
2.854164049445912  0.46118995550781244
2.854718425073279  0.4613469641959585
2.85527020057646  0.4615031620941899
2.8558193923565525  0.4616585549190163
2.8563660166730123  0.4618131483324596
2.8569100896452513  0.46196694794271903
2.857451627254216  0.4621199593048258
2.8579906453439414  0.46227218792128877
2.8585271596230863  0.46242363924272994
2.859061185666444  0.4625743186685111
2.859592738916434  0.46272423154735093
2.8601218346845725  0.4628733831779331
2.8606484881529237  0.46302177880950546
2.8611727143755292  0.46316942364247077
2.8616945282798207  0.46331632282896834
2.86221394466801  0.4634624814734477
2.8627309782184636  0.4636079046332338
2.8632456434870552  0.4637525973190838
2.8637579549085026  0.46389656449573624
2.864267926797686  0.46403981108245207
2.8647755733509466  0.46418234195354807
2.86528090864737  0.46432416193892256
2.865783946650053  0.46446527582457353
2.86628470120735  0.4646056883531098
2.866783186054105  0.46474540422425425
2.8672794148128693  0.4648844280953407
2.867773400995099  0.46502276458180325
2.8682651580023393  0.4651604182576588
2.868754699127391  0.46529739365598316
2.8692420375554657  0.46543369526938
2.8697271863653206  0.46556932755044356
2.870210158530383  0.46570429491221477
2.870690966919857  0.46583860172863134
2.8711696242998164  0.465972252334971
2.8716461433342864  0.4661052510282893
2.872120536586306  0.46623760206785086
2.8725928165189805  0.4663693096755549
2.8730629954965208  0.466500378036355
2.8735310857852654  0.46663081129867306
2.873997099554694  0.4667606135748073
2.874461048878424  0.46688978894133526
2.874922945735199  0.46701834143951093
2.8753828020098577  0.46714627507565654
2.8758406294943  0.46727359382154926
2.8762964398884305  0.46740030161480245
2.876750244801098  0.46752640235924176
2.8772020557510203  0.46765189992527645
2.8776518841676957  0.46777679815026557
2.878099741392306  0.46790110083887915
2.878545638678607  0.4680248117634547
2.878989587193806  0.46814793466434895
2.879431598019433  0.46827047325028504
2.8798716821521957  0.46839243119869484
2.880309850504827  0.468513812156057
2.880746113906923  0.46863461973823023
2.8811804831057657  0.46875485753078294
2.8816129687671426  0.4688745290893175
2.8820435814761503  0.468993637939791
2.8824723317379912  0.4691121875788318
2.8828992299787597  0.46923018147405154
2.8833242865462183  0.4693476230643535
2.8837475117105664  0.4694645157602368
2.884168915665196  0.46958086294409657
2.8845885085274423  0.4696966679705205
2.885006300339323  0.46981193416658135
2.8854223010682674  0.46992666483212575
2.8858365206078407  0.47004086324005956
2.8862489687784563  0.4701545326366291
2.88665965532808  0.47026767624169924
2.8870685899329276  0.4703802972490277
2.8874757821981514  0.47049239882653593
2.887881241658522  0.47060398411657667
2.8882849777790978  0.4707150562361979
2.888686999955891  0.4708256182774038
2.889087317516522  0.4709356733074121
2.889485939720869  0.47104522436890817
2.889882875761708  0.47115427448029645
2.8902781347653455  0.47126282663594815
2.890671725792245  0.4713708838064461
2.8910636578376456  0.4714784489388267
2.891453939832172  0.47158552495681844
2.8918425806424395  0.47169211476107814
2.8922295890716523  0.47179822122942355
2.892614973860191  0.4719038472170636
2.8929987436861984  0.47200899555682546
2.8933809071661547  0.4721136690593792
2.8937614728554486  0.47221787051345937
2.8941404492489404  0.47232160268608403
2.894517844781519  0.4724248683227711
2.894893667828652  0.4725276701477519
2.895267926706932  0.4726300108641825
2.8956406296746127  0.4727318931543521
2.896011784932142  0.4728333196798891
2.8963814006226887  0.4729342930819647
2.896749484832662  0.47303481598149383
2.8971160455922256  0.473134890979334
2.8974810908758073  0.4732345206564815
2.8978446286026003  0.4733337075742657
2.8982066666370616  0.47343245427454
2.8985672127894038  0.47353076327987187
2.8989262748160805  0.47362863709372965
2.899283860420267  0.4737260782006675
2.899639977252337  0.47382308906650816
2.8999946329103308  0.4739196721385235
2.9003478349404226  0.47401582984561286
2.900699590837378  0.47411156459847953
2.901049908045011  0.47420687878980494
2.901398793956633  0.474301774794421
2.9017462559154956  0.4743962549694801
2.9020923012152346  0.4744903216546237
2.902436937100302  0.4745839771721482
2.902780170766398  0.4746772238271697
2.9031220093608954  0.4747700639077862
2.9034624599832632  0.47486249968523825
2.9038015296854813  0.47495453341406774
2.904139225472453  0.47504616733227467
2.904475554302413  0.4751374036614725
2.9048105230873307  0.4752282446070412
2.9051441386933083  0.475318692358279
2.9054764079409776  0.4754087490885522
2.9058073376058884  0.47549841695544315
2.906136934418895  0.4755876981008971
2.9064652050665414  0.4756765946513666
2.9067921561914343  0.4757651087179548
2.907117794392622  0.4758532423965571
2.907442126225962  0.4759409977680009
2.9077651582044894  0.47602837689818434
2.908086896798776  0.4761153818382126
2.9084073484372923  0.4762020146245336
2.908726519506761  0.4762882772790717
2.9090444163525073  0.47637417180935976
2.909361045278809  0.47645970020867034
2.909676412549237  0.47654486445614475
2.9099905243869992  0.47662966651692107
2.910303386975274  0.4767141083422608
2.9106150064575456  0.4767981918696738
2.910925388937933  0.4768819190230421
2.9112345404815176  0.47696529171274227
2.911542467114664  0.4770483118357664
2.911849174825343  0.47713098127584197
2.912154669563444  0.47721330190355016
2.9124589572410926  0.47729527557644286
2.912762043732958  0.4773769041391587
2.91306393487656  0.47745818942353746
2.9133646364725734  0.47753913324873354
2.913664154285129  0.4776197374213279
2.9139624940421096  0.47770000373543914
2.9142596614354472  0.4777799339728331
2.914555662121413  0.4778595299030313
2.914850501720905  0.47793879328341865
2.9151441858197376  0.47801772585934915
2.9154367199689197  0.4780963293642514
2.9157281096849386  0.4781746055197322
2.9160183604500354  0.4782525560356795
2.916307477712481  0.4783301826103645
2.9165954668868457  0.47840748693054164
2.9168823333542706  0.47848447067154887
2.9171680824627333  0.47856113549740575
2.9174527195273106  0.4786374830609112
2.9177362498304413  0.4787135150037397
2.9180186786221842  0.47878923295653714
2.9183000111204733  0.478864638539015
2.9185802525113735  0.478939733360044
2.9188594079493293  0.4790145190177463
2.9191374825574155  0.4790889970995874
2.919414481427581  0.4791631691824666
2.919690409620896  0.4792370368328065
2.91996527216779  0.47931060160664185
2.9202390740682924  0.4793838650497073
2.9205118202922704  0.4794568286975243
2.920783515779661  0.47952949407548706
2.9210541654407054  0.47960186269894756
2.9213237741561775  0.47967393607330006
2.921592346777613  0.4797457156940641
2.9218598881275337  0.4798172030469673
2.922126402999672  0.4798883996080269
2.9223918961591906  0.4799593068436307
2.922656372342904  0.4800299262106167
2.922919836259494  0.4801002591563528
2.9231822925897246  0.4801703071188149
2.9234437459866562  0.4802400715266647
2.9237042010758554  0.48030955379932616
2.923963662455604  0.480378755347062
2.9242221346971067  0.48044767757104845
2.924479622344696  0.4805163218634504
2.924736129916035  0.4805846896074946
2.9249916619023186  0.480652782177543
2.9252462227684735  0.48072060093916485
2.925499816953354  0.4807881472492087
2.9257524488699405  0.4808554224558727
2.9260041229055296  0.4809224278987752
2.9262548434219293  0.48098916490902394
2.9265046147556477  0.481055634809285
2.926753441218082  0.48112183891385085
2.9270013270957036  0.48118777852870787
2.9272482766502463  0.4812534549516028
2.927494294118886  0.48131886947210933
2.927739383714425  0.481384023371693
2.9279835496254702  0.48144891792377653
2.9282267960166126  0.48151355439380367
2.9284691270286034  0.4815779340393029
2.9287105467785284  0.48164205810995026
2.9289510593599823  0.4817059278476319
2.9291906688432405  0.4817695444865055
2.9294293792754296  0.4818329092530616
2.9296671946806945  0.48189602336618403
2.9299041190603683  0.4819588880372099
2.9301401563931355  0.4820215044699889
2.9303753106351977  0.48208387386094226
2.930609585720436  0.4821459973991207
2.930842985560573  0.4822078762662623
2.9310755140453297  0.4822695116368499
2.931307175042588  0.48233090467816686
2.9315379723985444  0.4823920565503539
2.931767909937868  0.4824529684064641
2.931996991463853  0.4825136413925183
2.932225220758572  0.4825740766475591
2.932452601583028  0.482634275303705
2.932679137677303  0.48269423848620396
2.93290483276071  0.4827539673134861
2.9331296905319357  0.48281346289721616
2.9333537146691917  0.48287272634234557
2.9335769088303554  0.48293175874716376
2.933799276653116  0.48299056120334904
2.934020821755116  0.4830491347960193
2.934241547734092  0.4831074806037818
2.9344614581680157  0.48316559969878287
2.9346805566152314  0.48322349314675694
2.9348988466145935  0.4832811620070751
2.935116331685604  0.4833386073327933
2.935333015328547  0.48339583017070026
2.9355489010246205  0.4834528315613643
2.9357639922360734  0.4835096125391808
2.935978292406333  0.48356617413241804
2.936191804960137  0.48362251736326356
2.936404533303665  0.4836786432478696
2.9366164808246618  0.4837345527963982
2.9368276508925697  0.48379024701306605
2.9370380468586514  0.48384572689618865
2.9372476720561163  0.4839009934382244
2.937456529800243  0.48395604762581806
2.9376646233885038  0.4840108904398438
2.937871956100686  0.484065522855448
2.938078531199012  0.4841199458420917
2.9382843519282593  0.4841741603635923
2.93848942151588  0.4842281673781654
2.9386937431721174  0.48428196783846583
2.9388973200901236  0.48433556269162853
2.9391001554460745  0.4843889528793092
2.939302252399285  0.48444213933772406
2.9395036140923234  0.48449512299768993
2.939704243651123  0.4845479047846633
2.939904144185095  0.4846004856187797
2.9401033187872385  0.48465286641489225
2.9403017705342522  0.48470504808260984
2.9404995024866416  0.48475703152633537
2.9406965176888282  0.48480881764530337
2.940892819169257  0.48486040733361724
2.9410884099405035  0.4849118014802863
2.9412832929993766  0.4849630009692624
2.941477471327027  0.4850140066794766
2.9416709478890484  0.4850648194848746
2.941863725635581  0.48511544025445325
2.942055807501414  0.4851658698522951
2.9422471964060875  0.48521610913760405
2.942437895253991  0.4852661589647401
2.942627906934465  0.4853160201832536
2.9428172343219  0.4853656936379195
2.9430058802758317  0.48541518016877144
2.9431938476410413  0.4854644806111352
2.9433811392476503  0.48551359579566183
2.943567757911217  0.4855625265483609
2.9437537064328314  0.4856112736906331
2.943938987599208  0.4856598380393028
2.94412360418278  0.4857082204066501
2.944307558941793  0.4857564216004428
2.944490854620395  0.48580444242396786
2.944673493948728  0.48585228367606287
2.94485547964302  0.4858999461511472
2.9450368144056718  0.4859474306392525
2.9452175009253487  0.4859947379260536
2.945397541877067  0.48604186879289857
2.945576939922282  0.4860888240168389
2.9457556977089756  0.486135604370659
2.9459338178717407  0.48618221062290606
2.9461113030318686  0.4862286435379191
2.9462881557974323  0.48627490387585803
2.9464643787633715  0.4863209923927324
2.9466399745115757  0.4863669098404301
2.946814945610967  0.48641265696674524
2.9469892946175826  0.4864582345154068
2.9471630240746554  0.48650364322610595
2.947336136512696  0.48654888383452377
2.9475086344495725  0.4865939570723588
2.947680520390589  0.48663886366735387
2.9478517968285662  0.4866836043433232
2.9480224662439194  0.48672817982017896
2.9481925311047354  0.48677259081395785
2.9483619938668504  0.4868168380368472
2.9485308569739264  0.48686092219721117
2.948699122857527  0.4869048439996162
2.948866793937193  0.48694860414485697
2.9490338726205167  0.4869922033299816
2.949200361303217  0.48703564224831686
2.9493662623692116  0.48707892158949306
2.949531578190692  0.48712204203946896
2.949696311128194  0.4871650042805561
2.9498604635306718  0.4872078089914433
2.9500240377355667  0.48725045684722074
2.950187036068881  0.4872929485194041
2.950349460845245  0.48733528467595805
2.950511314367991  0.48737746598132003
2.9506725989292173  0.4874194930964234
2.9508333168098617  0.4874613666787208
2.9509934702797675  0.48750308738220716
2.951153061597751  0.4875446558574424
2.951312093011669  0.4875860727515741
2.951470566758486  0.4876273387083601
2.9516284850643393  0.48766845436819034
2.951785850144606  0.4877094203681093
2.9519426642039672  0.487750237341838
2.952098929436473  0.48779090591979535
2.9522546480256064  0.48783142672912
2.9524098221443476  0.4878718003936916
2.9525644539552367  0.487912027534152
2.952718545610437  0.48795210876792655
2.9528720992517963  0.4879920447092444
2.95302511701091  0.4880318359691599
2.953177601009182  0.4880714831555726
2.9533295533578854  0.48811098687324794
2.9534809761582226  0.4881503477238374
2.9536318715013867  0.48818956630589855
2.9537822414686197  0.4882286432149149
2.953932088131272  0.48826757904331564
2.9540814135508615  0.4883063743804954
2.954230219779132  0.4883450298128335
2.9543785088581105  0.4883835459237134
2.954526282820164  0.4884219232935416
2.954673543688059  0.48846016249976687
2.954820293475015  0.48849826411689895
2.954966534184763  0.4885362287165273
2.9551122678115993  0.4885740568673395
2.955257496340443  0.4886117491351399
2.9554022217468896  0.4886493060828676
2.955546445997266  0.4886867282706149
2.9556901710486834  0.4887240162556449
2.955833398849094  0.4887611705924095
2.9559761313373416  0.48879819183256723
2.9561183704432157  0.4888350805250007
2.9562601180875037  0.48887183721583394
2.956401376182044  0.4889084624484497
2.9565421466297765  0.48894495676350685
2.9566824313247966  0.4889813206989571
2.9568222321524025  0.48901755479006215
2.9569615509891496  0.4890536595694102
2.957100389702899  0.4890896355669329
2.957238750152867  0.4891254833099215
2.9573766341896777  0.4891612033230436
2.9575140436554084  0.48919679612835903
2.9576509803836415  0.4892322622453365
2.957787446199512  0.4892676021908692
2.957923442919756  0.48930281647929064
2.9580589723527586  0.4893379056223908
2.958194036298601  0.4893728701294317
2.9583286365491084  0.4894077105071625
2.9584627748878978  0.4894424272598354
2.9585964530904225  0.4894770208892209
2.95872967292402  0.48951149189462284
2.958862436147957  0.4895458407728934
2.9589947445134768  0.4895800680184484
2.959126599763841  0.4896141741232818
2.959258003634379  0.4896481595769806
2.9593889578525294  0.48968202486673945
2.9595194641378857  0.48971577047737513
2.95964952420224  0.48974939689134117
2.959779139749627  0.48978290458874185
2.959908312476368  0.4898162940473466
2.9600370440711123  0.48984956574260413
2.960165336214882  0.48988272014765627
2.960293190581113  0.48991575773335194
2.9604206088356992  0.48994867896826083
2.9605475926370324  0.4899814843186873
2.960674143636045  0.49001417424868393
2.960800263476251  0.4900467492200648
2.960925953793788  0.49007920969241897
2.9610512162174576  0.49011155612312385
2.961176052368765  0.49014378896735833
2.961300463861961  0.4901759086781159
2.96142445230408  0.4902079157062177
2.961548019294982  0.49023981050032517
2.961671166427391  0.49027159350695326
2.9617938952869323  0.49030326517048284
2.9619162074521754  0.49033482593317335
2.962038104494669  0.4903662762351756
2.962159587978982  0.4903976165145438
2.96228065946274  0.4904288472072483
2.962401320496664  0.4904599687471876
2.9625215726246075  0.49049098156620075
2.962641417383594  0.4905218860940791
2.962760856303855  0.4905526827585786
2.9628798909088663  0.49058337198543167
2.9629985227153837  0.49061395419835896
2.9631167532334803  0.4906444298190811
2.9632345839665835  0.4906747992673303
2.963352016411509  0.4907050629608622
2.9634690520584983  0.490735221315467
2.9635856923912525  0.49076527474498116
2.963701938886969  0.4907952236612986
2.963817793016375  0.4908250684743819
2.9639332562437635  0.4908548095922736
2.964048330027027  0.4908844474211074
2.9641630158176926  0.4909139823651187
2.9642773150609547  0.4909434148266561
2.96439122919571  0.49097274520619194
2.964504759654591  0.4910019739023332
2.9646179078639987  0.49103110131183214
2.964730675244136  0.491060127829597
2.9648430632090412  0.49108905384870244
2.96495507316662  0.4911178797604001
2.9650667065186793  0.4911466059541292
2.965177964660957  0.49117523281752645
2.965288848983157  0.49120376073643685
2.965399360868978  0.49123219009492336
2.965509501696149  0.49126052127527736
2.9656192728364577  0.49128875465802857
2.965728675655782  0.49131689062195516
2.965837711514123  0.4913449295440935
2.9659463817656335  0.4913728717997481
2.966054687758651  0.4914007177625013
2.9661626308357265  0.4914284678042233
2.9662702123336544  0.4914561222950813
2.9663774335835043  0.49148368160354944
2.96648429591065  0.4915111460964181
2.966590800634799  0.4915385161388037
2.966696949070022  0.4915657920941576
2.966802742524782  0.4915929743242758
2.966908182301965  0.49162006318930784
2.967013269698907  0.49164705904776645
2.967118006007423  0.4916739622565363
2.967222392513837  0.49170077317088323
2.967326430499009  0.4917274921444631
2.967430121238363  0.49175411952933096
2.967533466001917  0.4917806556759498
2.9676364660543086  0.49180710093319935
2.9677391226548235  0.49183345564838493
2.967841437057424  0.49185972016724605
2.9679434105107743  0.49188589483396516
2.9680450442582695  0.4919119799911762
2.9681463395380616  0.491937975979973
2.9682472975830865  0.491963883139918
2.9683479196210905  0.49198970180905044
2.9684482068746574  0.4920154323238948
2.9685481605612343  0.49204107501946903
2.9686477818931576  0.49206663022929314
2.96874707207768  0.49209209828539685
2.968846032316994  0.4921174795183281
2.9689446638082604  0.49214277425716113
2.969042967743632  0.4921679828295042
2.9691409453102793  0.4921931055615078
2.969238597690416  0.4922181427778727
2.9693359260613246  0.49224309480185746
2.969432931595379  0.49226796195528666
2.9695296154600714  0.49229274455855826
2.969625978818037  0.4923174429306516
